g5, 100, 1, 100, 500, sparse_landmarks, random_enemymap, 1, 341, 0, 1, 260, 0, 0, 0, 0, 0, 0, 0, 99, -492399
g5, 100, 1, 100, 1250, sparse_landmarks, random_enemymap, 10, 1436, 0, 1, 260, 0, 0, 0, 0, 0, 0, 0, 90, -437304
g5, 100, 1, 100, 2000, sparse_landmarks, random_enemymap, 17, 2494, 0, 1, 260, 0, 0, 0, 0, 0, 0, 0, 83, -394246
g5, 100, 1, 1000, 500, sparse_landmarks, random_enemymap, 31, 304, 0, 26, 242, 0, 0, 0, 0, 0, 0, 0, 969, -4787454
g5, 100, 1, 1000, 1250, sparse_landmarks, random_enemymap, 102, 1125, 0, 26, 242, 0, 0, 0, 0, 0, 0, 0, 898, -4360633
g5, 100, 1, 1000, 2000, sparse_landmarks, random_enemymap, 179, 1846, 0, 26, 242, 0, 0, 0, 0, 0, 0, 0, 821, -3897912
g5, 100, 1, 100, 500, sparse_landmarks, Quadmap, 4, 338, 0, 3, 258, 0, 0, 0, 0, 0, 0, 0, 96, -472404
g5, 100, 1, 100, 1250, sparse_landmarks, Quadmap, 4, 1466, 0, 3, 258, 0, 0, 0, 0, 0, 0, 0, 96, -471276
g5, 100, 1, 100, 2000, sparse_landmarks, Quadmap, 10, 2604, 0, 3, 258, 0, 0, 0, 0, 0, 0, 0, 90, -434138
g5, 100, 1, 1000, 500, sparse_landmarks, Quadmap, 65, 231, 0, 0, 0, 0, 0, 0, 0, 0, 0, 0, 935, -4609769
g5, 100, 1, 1000, 1250, sparse_landmarks, Quadmap, 65, 1151, 0, 44, 218, 0, 0, 0, 0, 0, 0, 0, 935, -4564631
g5, 100, 1, 1000, 2000, sparse_landmarks, Quadmap, 107, 2363, 0, 44, 218, 0, 0, 0, 0, 0, 0, 0, 893, -4311419
g5, 100, 1, 100, 500, sparse_landmarks, Structures, 4, 340, 0, 4, 258, 0, 0, 0, 0, 0, 0, 0, 96, -471402
g5, 100, 1, 100, 1250, sparse_landmarks, Structures, 6, 1465, 0, 4, 258, 0, 0, 0, 0, 0, 0, 0, 94, -458277
g5, 100, 1, 100, 2000, sparse_landmarks, Structures, 18, 2611, 0, 4, 258, 0, 0, 0, 0, 0, 0, 0, 82, -385131
g5, 100, 1, 1000, 500, sparse_landmarks, Structures, 12, 326, 0, 7, 255, 0, 0, 0, 0, 0, 0, 0, 988, -4920419
g5, 100, 1, 1000, 1250, sparse_landmarks, Structures, 84, 1236, 0, 7, 255, 0, 0, 0, 0, 0, 0, 0, 916, -4487509
g5, 100, 1, 1000, 2000, sparse_landmarks, Structures, 162, 2103, 0, 7, 255, 0, 0, 0, 0, 0, 0, 0, 838, -4018642
g5, 100, 1, 100, 500, sparse_landmarks, Diagonal, 1, 341, 0, 0, 261, 0, 0, 0, 0, 0, 0, 0, 99, -493398
g5, 100, 1, 100, 1250, sparse_landmarks, Diagonal, 1, 1469, 0, 0, 261, 0, 0, 0, 0, 0, 0, 0, 99, -492270
g5, 100, 1, 100, 2000, sparse_landmarks, Diagonal, 1, 2615, 0, 0, 261, 0, 0, 0, 0, 0, 0, 0, 99, -491124
g5, 100, 1, 1000, 500, sparse_landmarks, Diagonal, 31, 303, 0, 24, 242, 0, 0, 0, 0, 0, 0, 0, 969, -4789455
g5, 100, 1, 1000, 1250, sparse_landmarks, Diagonal, 111, 1095, 0, 30, 257, 0, 0, 0, 0, 0, 0, 0, 889, -4302648
g5, 100, 1, 1000, 2000, sparse_landmarks, Diagonal, 180, 1845, 0, 30, 257, 0, 0, 0, 0, 0, 0, 0, 820, -3887898
g5, 100, 1, 100, 500, dense_landmarks, random_enemymap, 1, 356, 0, 1, 206, 0, 0, 0, 0, 0, 0, 0, 99, -492438
g5, 100, 1, 100, 1250, dense_landmarks, random_enemymap, 10, 1405, 0, 1, 206, 0, 0, 0, 0, 0, 0, 0, 90, -437389
g5, 100, 1, 100, 2000, dense_landmarks, random_enemymap, 17, 2460, 0, 1, 206, 0, 0, 0, 0, 0, 0, 0, 83, -394334
g5, 100, 1, 1000, 500, dense_landmarks, random_enemymap, 38, 314, 0, 23, 189, 0, 0, 0, 0, 0, 0, 0, 962, -4748497
g5, 100, 1, 1000, 1250, dense_landmarks, random_enemymap, 101, 1095, 0, 23, 189, 0, 0, 0, 0, 0, 0, 0, 899, -4369716
g5, 100, 1, 1000, 2000, dense_landmarks, random_enemymap, 178, 1815, 0, 23, 189, 0, 0, 0, 0, 0, 0, 0, 822, -3906996
g5, 100, 1, 100, 500, dense_landmarks, Quadmap, 1, 356, 0, 0, 207, 0, 0, 0, 0, 0, 0, 0, 99, -493437
g5, 100, 1, 100, 1250, dense_landmarks, Quadmap, 1, 1441, 0, 0, 207, 0, 0, 0, 0, 0, 0, 0, 99, -492352
g5, 100, 1, 100, 2000, dense_landmarks, Quadmap, 8, 2583, 0, 0, 207, 0, 0, 0, 0, 0, 0, 0, 92, -449210
g5, 100, 1, 1000, 500, dense_landmarks, Quadmap, 21, 336, 0, 0, 207, 0, 0, 0, 0, 0, 0, 0, 979, -4873457
g5, 100, 1, 1000, 1250, dense_landmarks, Quadmap, 23, 1418, 0, 0, 207, 0, 0, 0, 0, 0, 0, 0, 977, -4860375
g5, 100, 1, 1000, 2000, dense_landmarks, Quadmap, 116, 2442, 0, 0, 207, 0, 0, 0, 0, 0, 0, 0, 884, -4301351
g5, 100, 1, 100, 500, dense_landmarks, Structures, 1, 356, 0, 1, 206, 0, 0, 0, 0, 0, 0, 0, 99, -492438
g5, 100, 1, 100, 1250, dense_landmarks, Structures, 2, 1440, 0, 1, 206, 0, 0, 0, 0, 0, 0, 0, 98, -485354
g5, 100, 1, 100, 2000, dense_landmarks, Structures, 15, 2581, 0, 1, 206, 0, 0, 0, 0, 0, 0, 0, 85, -406213
g5, 100, 1, 1000, 500, dense_landmarks, Structures, 16, 343, 0, 9, 199, 0, 0, 0, 0, 0, 0, 0, 984, -4894458
g5, 100, 1, 1000, 1250, dense_landmarks, Structures, 88, 1212, 0, 9, 199, 0, 0, 0, 0, 0, 0, 0, 912, -4461589
g5, 100, 1, 1000, 2000, dense_landmarks, Structures, 159, 2080, 0, 9, 199, 0, 0, 0, 0, 0, 0, 0, 841, -4034721
g5, 100, 1, 100, 500, dense_landmarks, Diagonal, 1, 356, 0, 0, 207, 0, 0, 0, 0, 0, 0, 0, 99, -493437
g5, 100, 1, 100, 1250, dense_landmarks, Diagonal, 1, 1441, 0, 0, 207, 0, 0, 0, 0, 0, 0, 0, 99, -492352
g5, 100, 1, 100, 2000, dense_landmarks, Diagonal, 1, 2592, 0, 0, 207, 0, 0, 0, 0, 0, 0, 0, 99, -491201
g5, 100, 1, 1000, 500, dense_landmarks, Diagonal, 39, 301, 0, 27, 205, 0, 0, 0, 0, 0, 0, 0, 961, -4738494
g5, 100, 1, 1000, 1250, dense_landmarks, Diagonal, 113, 1097, 0, 27, 205, 0, 0, 0, 0, 0, 0, 0, 887, -4293698
g5, 100, 1, 1000, 2000, dense_landmarks, Diagonal, 179, 1810, 0, 27, 205, 0, 0, 0, 0, 0, 0, 0, 821, -3896985
g5, 100, 3, 100, 500, sparse_landmarks, random_enemymap, 13, 1250, 0, 0, 0, 0, 11, 1247, 0, 10, 1117, 0, 84, -382386
g5, 100, 3, 100, 1250, sparse_landmarks, random_enemymap, 36, 4100, 0, 1, 260, 0, 36, 4101, 0, 34, 4027, 0, 62, -190512
g5, 100, 3, 100, 2000, sparse_landmarks, random_enemymap, 45, 4895, 0, 1, 260, 0, 26, 2542, 0, 41, 4739, 0, 31, -29564
g5, 100, 3, 1000, 500, sparse_landmarks, random_enemymap, 136, 1049, 0, 0, 0, 0, 131, 1045, 0, 120, 915, 0, 829, -3754991
g5, 100, 3, 1000, 1250, sparse_landmarks, random_enemymap, 355, 3212, 0, 26, 242, 0, 346, 3194, 0, 359, 3214, 0, 620, -2004138
g5, 100, 3, 1000, 2000, sparse_landmarks, random_enemymap, 393, 3595, 0, 26, 242, 0, 243, 2106, 0, 383, 3474, 0, 411, -1000583
g5, 100, 3, 100, 500, sparse_landmarks, Quadmap, 14, 1256, 0, 0, 0, 0, 4, 1261, 0, 4, 1130, 0, 86, -404353
g5, 100, 3, 100, 1250, sparse_landmarks, Quadmap, 26, 4044, 0, 3, 258, 0, 20, 4051, 0, 20, 3979, 0, 74, -288668
g5, 100, 3, 100, 2000, sparse_landmarks, Quadmap, 25, 5220, 0, 3, 258, 0, 29, 2286, 0, 15, 5038, 0, 50, -165198
g5, 100, 3, 1000, 500, sparse_landmarks, Quadmap, 173, 995, 0, 0, 0, 0, 70, 1090, 0, 70, 958, 0, 827, -3818957
g5, 100, 3, 1000, 1250, sparse_landmarks, Quadmap, 194, 3428, 0, 44, 218, 0, 171, 3574, 0, 171, 3505, 0, 806, -3439275
g5, 100, 3, 1000, 2000, sparse_landmarks, Quadmap, 107, 2363, 0, 44, 218, 0, 308, 3767, 0, 308, 3633, 0, 585, -2148019
g5, 100, 3, 100, 500, sparse_landmarks, Structures, 11, 1243, 0, 0, 0, 0, 12, 1237, 0, 12, 1106, 0, 87, -396414
g5, 100, 3, 100, 1250, sparse_landmarks, Structures, 16, 4116, 0, 4, 258, 0, 17, 4102, 0, 18, 4029, 0, 81, -337495
g5, 100, 3, 100, 2000, sparse_landmarks, Structures, 28, 5210, 0, 4, 258, 0, 12, 2594, 0, 30, 5041, 0, 58, -202897
g5, 100, 3, 1000, 500, sparse_landmarks, Structures, 107, 1105, 0, 0, 0, 0, 83, 1121, 0, 97, 1069, 0, 866, -4039705
g5, 100, 3, 1000, 1250, sparse_landmarks, Structures, 251, 3229, 0, 7, 255, 0, 229, 3260, 0, 238, 3163, 0, 727, -2900093
g5, 100, 3, 1000, 2000, sparse_landmarks, Structures, 365, 4013, 0, 7, 255, 0, 128, 1749, 0, 350, 3901, 0, 522, -1750082
g5, 100, 3, 100, 500, sparse_landmarks, Diagonal, 54, 1203, 0, 0, 0, 0, 52, 1198, 0, 6, 1115, 0, 0, 115516
g5, 100, 3, 100, 1250, sparse_landmarks, Diagonal, 56, 4066, 0, 0, 261, 0, 52, 4148, 0, 8, 4070, 0, 0, 128545
g5, 100, 3, 100, 2000, sparse_landmarks, Diagonal, 51, 5282, 0, 0, 261, 0, 5, 2536, 0, 3, 5156, 0, 44, -147765
g5, 100, 3, 1000, 500, sparse_landmarks, Diagonal, 127, 1075, 0, 0, 0, 0, 143, 1055, 0, 130, 976, 0, 792, -3556894
g5, 100, 3, 1000, 1250, sparse_landmarks, Diagonal, 327, 3047, 0, 30, 257, 0, 343, 3036, 0, 324, 2959, 0, 602, -1976701
g5, 100, 3, 1000, 2000, sparse_landmarks, Diagonal, 392, 3584, 0, 30, 257, 0, 171, 1808, 0, 387, 3458, 0, 457, -1295893
g5, 100, 3, 100, 500, dense_landmarks, random_enemymap, 9, 1068, 0, 0, 0, 0, 7, 1075, 0, 5, 881, 0, 89, -420976
g5, 100, 3, 100, 1250, dense_landmarks, random_enemymap, 27, 3000, 0, 1, 206, 0, 15, 1383, 0, 23, 2889, 0, 63, -241522
g5, 100, 3, 100, 2000, dense_landmarks, random_enemymap, 68, 7022, 0, 1, 206, 0, 68, 7037, 0, 66, 6856, 0, 30, 74121
g5, 100, 3, 1000, 500, dense_landmarks, random_enemymap, 135, 1013, 0, 0, 0, 0, 130, 1022, 0, 111, 811, 0, 838, -3811154
g5, 100, 3, 1000, 1250, dense_landmarks, random_enemymap, 363, 3300, 0, 23, 189, 0, 358, 3322, 0, 365, 3293, 0, 610, -1930896
g5, 100, 3, 1000, 2000, dense_landmarks, random_enemymap, 567, 5140, 0, 23, 189, 0, 562, 5162, 0, 561, 5089, 0, 414, -341420
g5, 100, 3, 100, 500, dense_landmarks, Quadmap, 11, 1070, 0, 0, 0, 0, 1, 1085, 0, 1, 889, 0, 89, -428956
g5, 100, 3, 100, 1250, dense_landmarks, Quadmap, 12, 3039, 0, 0, 207, 0, 17, 1286, 0, 2, 2933, 0, 75, -336535
g5, 100, 3, 100, 2000, dense_landmarks, Quadmap, 57, 7104, 0, 0, 207, 0, 51, 7125, 0, 51, 6950, 0, 43, -34614
g5, 100, 3, 1000, 500, dense_landmarks, Quadmap, 121, 970, 0, 0, 0, 0, 17, 1076, 0, 17, 880, 0, 879, -4237074
g5, 100, 3, 1000, 1250, dense_landmarks, Quadmap, 181, 3433, 0, 0, 207, 0, 159, 3596, 0, 159, 3511, 0, 819, -3585253
g5, 100, 3, 1000, 2000, dense_landmarks, Quadmap, 254, 4886, 0, 0, 207, 0, 240, 1465, 0, 150, 4822, 0, 589, -2289620
g5, 100, 3, 100, 500, dense_landmarks, Structures, 9, 1065, 0, 0, 0, 0, 10, 1069, 0, 13, 980, 0, 86, -394886
g5, 100, 3, 100, 1250, dense_landmarks, Structures, 13, 2988, 0, 1, 206, 0, 0, 1418, 0, 15, 2875, 0, 85, -388513
g5, 100, 3, 100, 2000, dense_landmarks, Structures, 41, 7362, 0, 1, 206, 0, 42, 7362, 0, 43, 7179, 0, 56, -130891
g5, 100, 3, 1000, 500, dense_landmarks, Structures, 88, 998, 0, 0, 0, 0, 64, 1030, 0, 79, 977, 0, 884, -4185995
g5, 100, 3, 1000, 1250, dense_landmarks, Structures, 204, 2407, 0, 9, 199, 0, 74, 970, 0, 190, 2331, 0, 718, -3107093
g5, 100, 3, 1000, 2000, dense_landmarks, Structures, 456, 5237, 0, 9, 199, 0, 434, 5284, 0, 440, 5112, 0, 525, -1270168
g5, 100, 3, 100, 500, dense_landmarks, Diagonal, 51, 1028, 0, 0, 0, 0, 52, 1033, 0, 3, 884, 0, 0, 108945
g5, 100, 3, 100, 1250, dense_landmarks, Diagonal, 51, 2998, 0, 0, 207, 0, 2, 1411, 0, 3, 2928, 0, 47, -171456
g5, 100, 3, 100, 2000, dense_landmarks, Diagonal, 53, 7416, 0, 0, 207, 0, 52, 7513, 0, 5, 7321, 0, 0, 132457
g5, 100, 3, 1000, 500, dense_landmarks, Diagonal, 140, 1007, 0, 0, 0, 0, 160, 996, 0, 127, 889, 0, 791, -3525108
g5, 100, 3, 1000, 1250, dense_landmarks, Diagonal, 343, 3046, 0, 27, 205, 0, 364, 3050, 0, 340, 2958, 0, 581, -1821741
g5, 100, 3, 1000, 2000, dense_landmarks, Diagonal, 394, 3588, 0, 27, 205, 0, 174, 1875, 0, 389, 3462, 0, 456, -1286870
g5, 100, 16, 100, 500, sparse_landmarks, random_enemymap, 35, 3470, 0, 36, 3918, 0, 34, 3421, 0, 37, 3639, 0, 54, -113552
g5, 100, 16, 100, 1250, sparse_landmarks, random_enemymap, 97, 9589, 0, 95, 9472, 0, 97, 9565, 0, 95, 9470, 0, 1, 417096
g5, 100, 16, 100, 2000, sparse_landmarks, random_enemymap, 100, 9886, 0, 100, 9886, 0, 100, 9886, 0, 100, 9886, 0, 0, 439544
g5, 100, 16, 1000, 500, sparse_landmarks, random_enemymap, 233, 2134, 0, 300, 2958, 0, 253, 2329, 0, 273, 2388, 0, 555, -1706191
g5, 100, 16, 1000, 1250, sparse_landmarks, random_enemymap, 826, 7410, 0, 804, 7258, 0, 810, 7292, 0, 856, 7712, 0, 112, 2765672
g5, 100, 16, 1000, 2000, sparse_landmarks, random_enemymap, 1000, 8982, 0, 1000, 8982, 0, 1000, 8982, 0, 1000, 8982, 0, 0, 4035928
g5, 100, 16, 100, 500, sparse_landmarks, Quadmap, 33, 3523, 0, 21, 3896, 0, 20, 3396, 0, 20, 3717, 0, 67, -226468
g5, 100, 16, 100, 1250, sparse_landmarks, Quadmap, 99, 9573, 0, 99, 9561, 0, 99, 9654, 0, 99, 9560, 0, 1, 429348
g5, 100, 16, 100, 2000, sparse_landmarks, Quadmap, 100, 9889, 0, 100, 9889, 0, 100, 9889, 0, 100, 9889, 0, 0, 439556
g5, 100, 16, 1000, 500, sparse_landmarks, Quadmap, 325, 2856, 0, 197, 3210, 0, 149, 2622, 0, 149, 2874, 0, 643, -2383438
g5, 100, 16, 1000, 1250, sparse_landmarks, Quadmap, 654, 8151, 0, 410, 7818, 0, 130, 7467, 0, 574, 8045, 0, 336, 119481
g5, 100, 16, 1000, 2000, sparse_landmarks, Quadmap, 823, 8728, 0, 485, 8211, 0, 158, 7722, 0, 473, 8194, 0, 177, 1086855
g5, 100, 16, 100, 500, sparse_landmarks, Structures, 26, 3515, 0, 32, 4063, 0, 27, 3478, 0, 36, 3740, 0, 57, -149204
g5, 100, 16, 100, 1250, sparse_landmarks, Structures, 99, 9582, 0, 99, 9470, 0, 100, 9557, 0, 99, 9461, 0, 0, 435070
g5, 100, 16, 100, 2000, sparse_landmarks, Structures, 100, 9885, 0, 100, 9885, 0, 100, 9885, 0, 100, 9885, 0, 0, 439540
g5, 100, 16, 1000, 500, sparse_landmarks, Structures, 270, 2692, 0, 244, 2862, 0, 219, 2397, 0, 243, 2525, 0, 575, -1888524
g5, 100, 16, 1000, 1250, sparse_landmarks, Structures, 894, 8442, 0, 839, 8184, 0, 857, 8354, 0, 832, 8155, 0, 63, 3140135
g5, 100, 16, 1000, 2000, sparse_landmarks, Structures, 995, 8990, 0, 997, 8991, 0, 995, 8990, 0, 995, 8990, 0, 3, 4002961
g5, 100, 16, 100, 500, sparse_landmarks, Diagonal, 66, 3452, 0, 23, 3967, 0, 57, 3413, 0, 23, 3694, 0, 0, 183526
g5, 100, 16, 100, 1250, sparse_landmarks, Diagonal, 68, 9608, 0, 27, 9533, 0, 59, 9594, 0, 27, 9533, 0, 0, 219268
g5, 100, 16, 100, 2000, sparse_landmarks, Diagonal, 100, 9885, 0, 100, 9885, 0, 100, 9885, 0, 100, 9885, 0, 0, 439540
g5, 100, 16, 1000, 500, sparse_landmarks, Diagonal, 248, 2381, 0, 331, 2899, 0, 294, 2570, 0, 263, 2338, 0, 546, -1583812
g5, 100, 16, 1000, 1250, sparse_landmarks, Diagonal, 849, 8213, 0, 847, 8202, 0, 910, 8539, 0, 848, 8243, 0, 72, 3127197
g5, 100, 16, 1000, 2000, sparse_landmarks, Diagonal, 993, 8931, 0, 993, 8931, 0, 993, 8931, 0, 994, 8934, 0, 6, 3978727
g5, 100, 16, 100, 500, dense_landmarks, random_enemymap, 36, 3330, 0, 36, 3338, 0, 35, 3297, 0, 34, 3272, 0, 58, -135763
g5, 100, 16, 100, 1250, dense_landmarks, random_enemymap, 97, 9584, 0, 96, 9506, 0, 98, 9585, 0, 96, 9503, 0, 1, 420178
g5, 100, 16, 100, 2000, dense_landmarks, random_enemymap, 100, 9880, 0, 100, 9880, 0, 100, 9880, 0, 100, 9880, 0, 0, 439520
g5, 100, 16, 1000, 500, dense_landmarks, random_enemymap, 328, 2987, 0, 300, 2734, 0, 293, 2683, 0, 323, 2894, 0, 596, -1724702
g5, 100, 16, 1000, 1250, dense_landmarks, random_enemymap, 913, 8289, 0, 890, 8107, 0, 851, 7733, 0, 894, 8133, 0, 77, 3195262
g5, 100, 16, 1000, 2000, dense_landmarks, random_enemymap, 1000, 8980, 0, 993, 8911, 0, 993, 8911, 0, 993, 8911, 0, 0, 4014713
g5, 100, 16, 100, 500, dense_landmarks, Quadmap, 31, 3525, 0, 19, 3367, 0, 19, 3362, 0, 19, 3306, 0, 69, -243440
g5, 100, 16, 100, 1250, dense_landmarks, Quadmap, 99, 9583, 0, 99, 9583, 0, 99, 9662, 0, 99, 9578, 0, 1, 429406
g5, 100, 16, 100, 2000, dense_landmarks, Quadmap, 100, 9882, 0, 100, 9882, 0, 100, 9882, 0, 100, 9882, 0, 0, 439528
g5, 100, 16, 1000, 500, dense_landmarks, Quadmap, 276, 2837, 0, 200, 3017, 0, 199, 2911, 0, 199, 2994, 0, 723, -2729241
g5, 100, 16, 1000, 1250, dense_landmarks, Quadmap, 747, 8313, 0, 365, 7715, 0, 365, 7813, 0, 365, 7710, 0, 253, 608551
g5, 100, 16, 1000, 2000, dense_landmarks, Quadmap, 790, 8685, 0, 790, 8685, 0, 790, 8685, 0, 790, 8686, 0, 210, 2144741
g5, 100, 16, 100, 500, dense_landmarks, Structures, 39, 3374, 0, 48, 3481, 0, 40, 3352, 0, 44, 3392, 0, 46, -45401
g5, 100, 16, 100, 1250, dense_landmarks, Structures, 95, 9568, 0, 99, 9504, 0, 96, 9569, 0, 95, 9487, 0, 0, 423128
g5, 100, 16, 100, 2000, dense_landmarks, Structures, 100, 9879, 0, 100, 9879, 0, 100, 9879, 0, 100, 9879, 0, 0, 439516
g5, 100, 16, 1000, 500, dense_landmarks, Structures, 270, 2719, 0, 254, 2742, 0, 301, 3112, 0, 269, 2774, 0, 629, -2039653
g5, 100, 16, 1000, 1250, dense_landmarks, Structures, 848, 8420, 0, 844, 8386, 0, 935, 8754, 0, 844, 8410, 0, 52, 3244970
g5, 100, 16, 1000, 2000, dense_landmarks, Structures, 998, 8986, 0, 998, 8986, 0, 998, 8986, 0, 998, 8986, 0, 2, 4017944
g5, 100, 16, 100, 500, dense_landmarks, Diagonal, 63, 3353, 0, 19, 3408, 0, 56, 3314, 0, 19, 3347, 0, 0, 170422
g5, 100, 16, 100, 1250, dense_landmarks, Diagonal, 65, 9625, 0, 23, 9589, 0, 58, 9633, 0, 23, 9584, 0, 0, 207431
g5, 100, 16, 100, 2000, dense_landmarks, Diagonal, 100, 9878, 0, 100, 9878, 0, 100, 9878, 0, 100, 9878, 0, 0, 439512
g5, 100, 16, 1000, 500, dense_landmarks, Diagonal, 373, 3089, 0, 334, 2713, 0, 314, 2671, 0, 339, 3004, 0, 497, -1113523
g5, 100, 16, 1000, 1250, dense_landmarks, Diagonal, 890, 8609, 0, 889, 8591, 0, 910, 8609, 0, 889, 8603, 0, 77, 3227412
g5, 100, 16, 1000, 2000, dense_landmarks, Diagonal, 999, 8957, 0, 999, 8959, 0, 999, 8957, 0, 999, 8958, 0, 1, 4026831
g5, 100, 25, 100, 500, sparse_landmarks, random_enemymap, 45, 4501, 0, 49, 5188, 0, 53, 5062, 0, 50, 5000, 0, 33, 51751
g5, 100, 25, 100, 1250, sparse_landmarks, random_enemymap, 100, 9887, 0, 100, 9887, 0, 100, 9887, 0, 100, 9887, 0, 0, 439548
g5, 100, 25, 100, 2000, sparse_landmarks, random_enemymap, 100, 9887, 0, 100, 9887, 0, 100, 9887, 0, 100, 9887, 0, 0, 439548
g5, 100, 25, 1000, 500, sparse_landmarks, random_enemymap, 352, 3237, 0, 397, 3807, 0, 321, 2966, 0, 314, 2773, 0, 396, -583217
g5, 100, 25, 1000, 1250, sparse_landmarks, random_enemymap, 924, 8359, 0, 890, 8076, 0, 885, 8021, 0, 943, 8532, 0, 17, 3589988
g5, 100, 25, 1000, 2000, sparse_landmarks, random_enemymap, 1000, 8993, 0, 1000, 8993, 0, 1000, 8993, 0, 1000, 8993, 0, 0, 4035972
g5, 100, 25, 100, 500, sparse_landmarks, Quadmap, 50, 4245, 0, 52, 5160, 0, 46, 4890, 0, 46, 4795, 0, 44, -6910
g5, 100, 25, 100, 1250, sparse_landmarks, Quadmap, 100, 9889, 0, 100, 9889, 0, 100, 9889, 0, 100, 9889, 0, 0, 439556
g5, 100, 25, 100, 2000, sparse_landmarks, Quadmap, 100, 9890, 0, 100, 9890, 0, 100, 9890, 0, 100, 9890, 0, 0, 439560
g5, 100, 25, 1000, 500, sparse_landmarks, Quadmap, 356, 2699, 0, 227, 3455, 0, 146, 3141, 0, 101, 3355, 0, 468, -1497350
g5, 100, 25, 1000, 1250, sparse_landmarks, Quadmap, 764, 8619, 0, 639, 8438, 0, 466, 8164, 0, 723, 8548, 0, 236, 1445769
g5, 100, 25, 1000, 2000, sparse_landmarks, Quadmap, 845, 8763, 0, 553, 8289, 0, 244, 7843, 0, 546, 8284, 0, 155, 1446179
g5, 100, 25, 100, 500, sparse_landmarks, Structures, 46, 4253, 0, 58, 5301, 0, 49, 4915, 0, 56, 4756, 0, 31, 73225
g5, 100, 25, 100, 1250, sparse_landmarks, Structures, 100, 9887, 0, 100, 9887, 0, 100, 9887, 0, 100, 9887, 0, 0, 439548
g5, 100, 25, 100, 2000, sparse_landmarks, Structures, 100, 9887, 0, 100, 9887, 0, 100, 9887, 0, 100, 9887, 0, 0, 439548
g5, 100, 25, 1000, 500, sparse_landmarks, Structures, 322, 3260, 0, 329, 3429, 0, 393, 3680, 0, 345, 3200, 0, 367, -432431
g5, 100, 25, 1000, 1250, sparse_landmarks, Structures, 972, 8903, 0, 959, 8818, 0, 980, 8893, 0, 962, 8821, 0, 4, 3888435
g5, 100, 25, 1000, 2000, sparse_landmarks, Structures, 1000, 8994, 0, 1000, 8994, 0, 1000, 8994, 0, 1000, 8994, 0, 0, 4035976
g5, 100, 25, 100, 500, sparse_landmarks, Diagonal, 65, 4248, 0, 34, 5202, 0, 66, 4876, 0, 33, 4663, 0, 0, 216989
g5, 100, 25, 100, 1250, sparse_landmarks, Diagonal, 100, 9887, 0, 70, 9821, 0, 70, 9821, 0, 70, 9821, 0, 0, 349350
g5, 100, 25, 100, 2000, sparse_landmarks, Diagonal, 100, 9887, 0, 100, 9887, 0, 100, 9887, 0, 100, 9887, 0, 0, 439548
g5, 100, 25, 1000, 500, sparse_landmarks, Diagonal, 372, 3342, 0, 437, 3859, 0, 404, 3436, 0, 369, 3303, 0, 321, -9060
g5, 100, 25, 1000, 1250, sparse_landmarks, Diagonal, 912, 8694, 0, 906, 8675, 0, 947, 8807, 0, 906, 8675, 0, 47, 3470851
g5, 100, 25, 1000, 2000, sparse_landmarks, Diagonal, 1000, 8993, 0, 1000, 8993, 0, 1000, 8993, 0, 1000, 8993, 0, 0, 4035972
g5, 100, 25, 100, 500, dense_landmarks, random_enemymap, 57, 4960, 0, 57, 4913, 0, 56, 4946, 0, 56, 4911, 0, 39, 50730
g5, 100, 25, 100, 1250, dense_landmarks, random_enemymap, 100, 9877, 0, 100, 9877, 0, 100, 9877, 0, 100, 9877, 0, 0, 439508
g5, 100, 25, 100, 2000, dense_landmarks, random_enemymap, 100, 9877, 0, 100, 9877, 0, 100, 9877, 0, 100, 9877, 0, 0, 439508
g5, 100, 25, 1000, 500, dense_landmarks, random_enemymap, 452, 3872, 0, 416, 3606, 0, 421, 3622, 0, 451, 3854, 0, 472, -605046
g5, 100, 25, 1000, 1250, dense_landmarks, random_enemymap, 988, 8884, 0, 910, 8159, 0, 904, 8142, 0, 915, 8178, 0, 7, 3715363
g5, 100, 25, 1000, 2000, dense_landmarks, random_enemymap, 1000, 8985, 0, 1000, 8985, 0, 1000, 8985, 0, 1000, 8985, 0, 0, 4035940
g5, 100, 25, 100, 500, dense_landmarks, Quadmap, 58, 4927, 0, 53, 4862, 0, 53, 4901, 0, 53, 4881, 0, 42, 26571
g5, 100, 25, 100, 1250, dense_landmarks, Quadmap, 100, 9878, 0, 100, 9878, 0, 100, 9878, 0, 100, 9878, 0, 0, 439512
g5, 100, 25, 100, 2000, dense_landmarks, Quadmap, 100, 9878, 0, 100, 9878, 0, 100, 9878, 0, 100, 9878, 0, 0, 439512
g5, 100, 25, 1000, 500, dense_landmarks, Quadmap, 272, 3419, 0, 231, 3788, 0, 196, 3439, 0, 205, 4077, 0, 687, -2516277
g5, 100, 25, 1000, 1250, dense_landmarks, Quadmap, 859, 8773, 0, 788, 8668, 0, 391, 8044, 0, 391, 8044, 0, 141, 1757529
g5, 100, 25, 1000, 2000, dense_landmarks, Quadmap, 871, 8791, 0, 871, 8791, 0, 871, 8791, 0, 871, 8791, 0, 129, 2874164
g5, 100, 25, 100, 500, dense_landmarks, Structures, 54, 4779, 0, 55, 4811, 0, 55, 4948, 0, 59, 4808, 0, 39, 47346
g5, 100, 25, 100, 1250, dense_landmarks, Structures, 100, 9876, 0, 100, 9876, 0, 100, 9876, 0, 100, 9876, 0, 0, 439504
g5, 100, 25, 100, 2000, dense_landmarks, Structures, 100, 9876, 0, 100, 9876, 0, 100, 9876, 0, 100, 9876, 0, 0, 439504
g5, 100, 25, 1000, 500, dense_landmarks, Structures, 382, 3636, 0, 430, 4117, 0, 400, 3877, 0, 379, 3674, 0, 521, -998696
g5, 100, 25, 1000, 1250, dense_landmarks, Structures, 957, 8888, 0, 959, 8873, 0, 969, 8925, 0, 947, 8862, 0, 0, 3867548
g5, 100, 25, 1000, 2000, dense_landmarks, Structures, 1000, 8986, 0, 1000, 8986, 0, 970, 8914, 0, 1000, 8986, 0, 0, 4005872
g5, 100, 25, 100, 500, dense_landmarks, Diagonal, 68, 4912, 0, 32, 4886, 0, 64, 4874, 0, 32, 4890, 0, 0, 215562
g5, 100, 25, 100, 1250, dense_landmarks, Diagonal, 100, 9875, 0, 64, 9803, 0, 64, 9803, 0, 64, 9803, 0, 0, 331284
g5, 100, 25, 100, 2000, dense_landmarks, Diagonal, 100, 9875, 0, 100, 9875, 0, 100, 9875, 0, 100, 9875, 0, 0, 439500
g5, 100, 25, 1000, 500, dense_landmarks, Diagonal, 452, 3735, 0, 392, 3345, 0, 432, 3579, 0, 414, 3519, 0, 420, -395822
g5, 100, 25, 1000, 1250, dense_landmarks, Diagonal, 893, 8373, 0, 887, 8354, 0, 950, 8768, 0, 923, 8704, 0, 35, 3512199
g5, 100, 25, 1000, 2000, dense_landmarks, Diagonal, 1000, 8985, 0, 1000, 8985, 0, 1000, 8985, 0, 1000, 8986, 0, 0, 4035941
g5, 100, 100, 100, 500, sparse_landmarks, random_enemymap, 90, 8857, 0, 89, 8755, 0, 92, 8758, 0, 91, 8682, 0, 1, 392052
g5, 100, 100, 100, 1250, sparse_landmarks, random_enemymap, 100, 9900, 0, 100, 9900, 0, 100, 9900, 0, 100, 9900, 0, 0, 439600
g5, 100, 100, 100, 2000, sparse_landmarks, random_enemymap, 100, 9900, 0, 100, 9900, 0, 100, 9900, 0, 100, 9900, 0, 0, 439600
g5, 100, 100, 1000, 500, sparse_landmarks, random_enemymap, 776, 7067, 0, 765, 6927, 0, 719, 6357, 0, 752, 6593, 0, 46, 2808944
g5, 100, 100, 1000, 1250, sparse_landmarks, random_enemymap, 1000, 9000, 0, 1000, 9000, 0, 1000, 9000, 0, 1000, 9000, 0, 0, 4036000
g5, 100, 100, 1000, 2000, sparse_landmarks, random_enemymap, 1000, 9000, 0, 1000, 9000, 0, 1000, 9000, 0, 1000, 9000, 0, 0, 4036000
g5, 100, 100, 100, 500, sparse_landmarks, Quadmap, 94, 8696, 0, 82, 8689, 0, 70, 8606, 0, 72, 8494, 0, 2, 342485
g5, 100, 100, 100, 1250, sparse_landmarks, Quadmap, 100, 9900, 0, 100, 9900, 0, 100, 9900, 0, 100, 9900, 0, 0, 439600
g5, 100, 100, 100, 2000, sparse_landmarks, Quadmap, 100, 9900, 0, 100, 9900, 0, 100, 9900, 0, 100, 9900, 0, 0, 439600
g5, 100, 100, 1000, 500, sparse_landmarks, Quadmap, 768, 7054, 0, 517, 7107, 0, 412, 6899, 0, 500, 7100, 0, 68, 1885160
g5, 100, 100, 1000, 1250, sparse_landmarks, Quadmap, 1000, 9000, 0, 981, 8970, 0, 955, 8941, 0, 1000, 9000, 0, 0, 3971911
g5, 100, 100, 1000, 2000, sparse_landmarks, Quadmap, 1000, 9000, 0, 1000, 9000, 0, 968, 8946, 0, 1000, 9000, 0, 0, 4003946
g5, 100, 100, 100, 500, sparse_landmarks, Structures, 95, 8806, 0, 97, 8793, 0, 97, 8754, 0, 95, 8717, 0, 0, 419070
g5, 100, 100, 100, 1250, sparse_landmarks, Structures, 100, 9900, 0, 100, 9900, 0, 100, 9900, 0, 100, 9900, 0, 0, 439600
g5, 100, 100, 100, 2000, sparse_landmarks, Structures, 100, 9900, 0, 100, 9900, 0, 100, 9900, 0, 100, 9900, 0, 0, 439600
g5, 100, 100, 1000, 500, sparse_landmarks, Structures, 728, 6695, 0, 706, 6718, 0, 753, 6952, 0, 739, 6771, 0, 56, 2673136
g5, 100, 100, 1000, 1250, sparse_landmarks, Structures, 1000, 9000, 0, 1000, 9000, 0, 1000, 9000, 0, 1000, 9000, 0, 0, 4036000
g5, 100, 100, 1000, 2000, sparse_landmarks, Structures, 1000, 9000, 0, 1000, 9000, 0, 1000, 9000, 0, 1000, 9000, 0, 0, 4036000
g5, 100, 100, 100, 500, sparse_landmarks, Diagonal, 76, 8675, 0, 71, 8656, 0, 88, 8641, 0, 71, 8508, 0, 0, 340480
g5, 100, 100, 100, 1250, sparse_landmarks, Diagonal, 100, 9900, 0, 100, 9900, 0, 100, 9900, 0, 100, 9900, 0, 0, 439600
g5, 100, 100, 100, 2000, sparse_landmarks, Diagonal, 100, 9900, 0, 100, 9900, 0, 100, 9900, 0, 100, 9900, 0, 0, 439600
g5, 100, 100, 1000, 500, sparse_landmarks, Diagonal, 734, 6879, 0, 727, 6877, 0, 729, 6522, 0, 726, 6473, 0, 36, 2762751
g5, 100, 100, 1000, 1250, sparse_landmarks, Diagonal, 1000, 9000, 0, 1000, 9000, 0, 1000, 9000, 0, 1000, 9000, 0, 0, 4036000
g5, 100, 100, 1000, 2000, sparse_landmarks, Diagonal, 1000, 9000, 0, 1000, 9000, 0, 1000, 9000, 0, 1000, 9000, 0, 0, 4036000
g5, 100, 100, 100, 500, dense_landmarks, random_enemymap, 86, 8269, 0, 86, 8245, 0, 87, 8271, 0, 86, 8218, 0, 10, 328003
g5, 100, 100, 100, 1250, dense_landmarks, random_enemymap, 100, 9891, 0, 100, 9891, 0, 100, 9891, 0, 100, 9891, 0, 0, 439564
g5, 100, 100, 100, 2000, dense_landmarks, random_enemymap, 100, 9890, 0, 100, 9890, 0, 100, 9890, 0, 100, 9890, 0, 0, 439560
g5, 100, 100, 1000, 500, dense_landmarks, random_enemymap, 774, 6862, 0, 753, 6646, 0, 779, 6844, 0, 780, 6887, 0, 155, 2338239
g5, 100, 100, 1000, 1250, dense_landmarks, random_enemymap, 1000, 8993, 0, 1000, 8993, 0, 1000, 8993, 0, 1000, 8993, 0, 0, 4035972
g5, 100, 100, 1000, 2000, dense_landmarks, random_enemymap, 1000, 8994, 0, 1000, 8994, 0, 1000, 8994, 0, 1000, 8994, 0, 0, 4035976
g5, 100, 100, 100, 500, dense_landmarks, Quadmap, 81, 8244, 0, 78, 8223, 0, 78, 8250, 0, 78, 8194, 0, 19, 252911
g5, 100, 100, 100, 1250, dense_landmarks, Quadmap, 100, 9890, 0, 100, 9890, 0, 100, 9890, 0, 100, 9890, 0, 0, 439560
g5, 100, 100, 100, 2000, dense_landmarks, Quadmap, 100, 9889, 0, 100, 9889, 0, 100, 9889, 0, 100, 9889, 0, 0, 439556
g5, 100, 100, 1000, 500, dense_landmarks, Quadmap, 491, 6834, 0, 525, 7046, 0, 495, 6957, 0, 569, 7239, 0, 341, 403076
g5, 100, 100, 1000, 1250, dense_landmarks, Quadmap, 999, 8989, 0, 999, 8989, 0, 907, 8843, 0, 907, 8845, 0, 1, 3842666
g5, 100, 100, 1000, 2000, dense_landmarks, Quadmap, 988, 8980, 0, 988, 8980, 0, 988, 8980, 0, 988, 8981, 0, 12, 3927921
g5, 100, 100, 100, 500, dense_landmarks, Structures, 85, 8266, 0, 85, 8280, 0, 86, 8275, 0, 90, 8265, 0, 9, 334086
g5, 100, 100, 100, 1250, dense_landmarks, Structures, 100, 9890, 0, 100, 9890, 0, 100, 9890, 0, 100, 9890, 0, 0, 439560
g5, 100, 100, 100, 2000, dense_landmarks, Structures, 100, 9889, 0, 100, 9889, 0, 100, 9889, 0, 100, 9889, 0, 0, 439556
g5, 100, 100, 1000, 500, dense_landmarks, Structures, 799, 7130, 0, 779, 7155, 0, 784, 7177, 0, 788, 7139, 0, 166, 2348601
g5, 100, 100, 1000, 1250, dense_landmarks, Structures, 996, 8992, 0, 996, 8993, 0, 1000, 8992, 0, 996, 8992, 0, 0, 4023969
g5, 100, 100, 1000, 2000, dense_landmarks, Structures, 1000, 8994, 0, 1000, 8994, 0, 1000, 8994, 0, 1000, 8994, 0, 0, 4035976
g5, 100, 100, 100, 500, dense_landmarks, Diagonal, 80, 8243, 0, 67, 8246, 0, 87, 8246, 0, 67, 8226, 0, 0, 333961
g5, 100, 100, 100, 1250, dense_landmarks, Diagonal, 100, 9889, 0, 100, 9889, 0, 100, 9889, 0, 100, 9889, 0, 0, 439556
g5, 100, 100, 100, 2000, dense_landmarks, Diagonal, 100, 9889, 0, 100, 9889, 0, 100, 9889, 0, 100, 9889, 0, 0, 439556
g5, 100, 100, 1000, 500, dense_landmarks, Diagonal, 792, 7048, 0, 770, 6905, 0, 788, 6975, 0, 804, 7157, 0, 131, 2527085
g5, 100, 100, 1000, 1250, dense_landmarks, Diagonal, 1000, 8993, 0, 1000, 8993, 0, 1000, 8993, 0, 1000, 8994, 0, 0, 4035973
g5, 100, 100, 1000, 2000, dense_landmarks, Diagonal, 1000, 8994, 0, 1000, 8994, 0, 1000, 8994, 0, 1000, 8995, 0, 0, 4035977
g6, 100, 1, 100, 500, sparse_landmarks, random_enemymap, 4, 294, 0, 0, 0, 0, 0, 0, 0, 0, 0, 0, 96, -475706
g6, 100, 1, 100, 1250, sparse_landmarks, random_enemymap, 16, 1508, 0, 0, 0, 0, 0, 0, 0, 0, 0, 0, 84, -402492
g6, 100, 1, 100, 2000, sparse_landmarks, random_enemymap, 27, 2400, 0, 0, 0, 0, 0, 0, 0, 0, 0, 0, 73, -335600
g6, 100, 1, 1000, 500, sparse_landmarks, random_enemymap, 21, 262, 0, 0, 0, 0, 0, 0, 0, 0, 0, 0, 979, -4873738
g6, 100, 1, 1000, 1250, sparse_landmarks, random_enemymap, 136, 1131, 0, 0, 0, 0, 0, 0, 0, 0, 0, 0, 864, -4182869
g6, 100, 1, 1000, 2000, sparse_landmarks, random_enemymap, 206, 1878, 0, 0, 0, 0, 0, 0, 0, 0, 0, 0, 794, -3762122
g6, 100, 1, 100, 500, sparse_landmarks, Quadmap, 11, 272, 0, 0, 0, 0, 0, 0, 0, 0, 0, 0, 89, -433728
g6, 100, 1, 100, 1250, sparse_landmarks, Quadmap, 37, 1452, 0, 0, 0, 0, 0, 0, 0, 0, 0, 0, 63, -276548
g6, 100, 1, 100, 2000, sparse_landmarks, Quadmap, 53, 2283, 0, 0, 0, 0, 0, 0, 0, 0, 0, 0, 47, -179717
g6, 100, 1, 1000, 500, sparse_landmarks, Quadmap, 82, 120, 0, 0, 0, 0, 0, 0, 0, 0, 0, 0, 918, -4507880
g6, 100, 1, 1000, 1250, sparse_landmarks, Quadmap, 284, 731, 0, 0, 0, 0, 0, 0, 0, 0, 0, 0, 716, -3295269
g6, 100, 1, 1000, 2000, sparse_landmarks, Quadmap, 362, 1146, 0, 0, 0, 0, 0, 0, 0, 0, 0, 0, 638, -2826854
g6, 100, 1, 100, 500, sparse_landmarks, Structures, 0, 328, 0, 0, 0, 0, 0, 0, 0, 0, 0, 0, 100, -499672
g6, 100, 1, 100, 1250, sparse_landmarks, Structures, 9, 1519, 0, 0, 0, 0, 0, 0, 0, 0, 0, 0, 91, -444481
g6, 100, 1, 100, 2000, sparse_landmarks, Structures, 28, 2460, 0, 0, 0, 0, 0, 0, 0, 0, 0, 0, 72, -329540
g6, 100, 1, 1000, 500, sparse_landmarks, Structures, 30, 248, 0, 0, 0, 0, 0, 0, 0, 0, 0, 0, 970, -4819752
g6, 100, 1, 1000, 1250, sparse_landmarks, Structures, 142, 1108, 0, 0, 0, 0, 0, 0, 0, 0, 0, 0, 858, -4146892
g6, 100, 1, 1000, 2000, sparse_landmarks, Structures, 201, 1896, 0, 0, 0, 0, 0, 0, 0, 0, 0, 0, 799, -3792104
g6, 100, 1, 100, 500, sparse_landmarks, Diagonal, 12, 241, 0, 0, 0, 0, 0, 0, 0, 0, 0, 0, 88, -427759
g6, 100, 1, 100, 1250, sparse_landmarks, Diagonal, 1, 201, 0, 0, 0, 0, 0, 0, 0, 0, 0, 0, 99, -493799
g6, 100, 1, 100, 2000, sparse_landmarks, Diagonal, 1, 201, 0, 0, 0, 0, 0, 0, 0, 0, 0, 0, 99, -493799
g6, 100, 1, 1000, 500, sparse_landmarks, Diagonal, 26, 222, 0, 0, 0, 0, 0, 0, 0, 0, 0, 0, 974, -4843778
g6, 100, 1, 1000, 1250, sparse_landmarks, Diagonal, 15, 187, 0, 0, 0, 0, 0, 0, 0, 0, 0, 0, 985, -4909813
g6, 100, 1, 1000, 2000, sparse_landmarks, Diagonal, 15, 187, 0, 0, 0, 0, 0, 0, 0, 0, 0, 0, 985, -4909813
g6, 100, 1, 100, 500, dense_landmarks, random_enemymap, 4, 375, 0, 0, 0, 0, 0, 0, 0, 0, 0, 0, 96, -475625
g6, 100, 1, 100, 1250, dense_landmarks, random_enemymap, 19, 1524, 0, 0, 0, 0, 0, 0, 0, 0, 0, 0, 81, -384476
g6, 100, 1, 100, 2000, dense_landmarks, random_enemymap, 26, 2431, 0, 0, 0, 0, 0, 0, 0, 0, 0, 0, 74, -341569
g6, 100, 1, 1000, 500, dense_landmarks, random_enemymap, 36, 323, 0, 0, 0, 0, 0, 0, 0, 0, 0, 0, 964, -4783677
g6, 100, 1, 1000, 1250, dense_landmarks, random_enemymap, 139, 1155, 0, 0, 0, 0, 0, 0, 0, 0, 0, 0, 861, -4164845
g6, 100, 1, 1000, 2000, dense_landmarks, random_enemymap, 207, 1885, 0, 0, 0, 0, 0, 0, 0, 0, 0, 0, 793, -3756115
g6, 100, 1, 100, 500, dense_landmarks, Quadmap, 11, 368, 0, 0, 0, 0, 0, 0, 0, 0, 0, 0, 89, -433632
g6, 100, 1, 100, 1250, dense_landmarks, Quadmap, 37, 1479, 0, 0, 0, 0, 0, 0, 0, 0, 0, 0, 63, -276521
g6, 100, 1, 100, 2000, dense_landmarks, Quadmap, 53, 2285, 0, 0, 0, 0, 0, 0, 0, 0, 0, 0, 47, -179715
g6, 100, 1, 1000, 500, dense_landmarks, Quadmap, 0, 0, 0, 0, 0, 0, 0, 0, 0, 0, 0, 0, 1000, -5000000
g6, 100, 1, 1000, 1250, dense_landmarks, Quadmap, 251, 712, 0, 0, 0, 0, 0, 0, 0, 0, 0, 0, 749, -3493288
g6, 100, 1, 1000, 2000, dense_landmarks, Quadmap, 364, 1136, 0, 0, 0, 0, 0, 0, 0, 0, 0, 0, 636, -2814864
g6, 100, 1, 100, 500, dense_landmarks, Structures, 0, 379, 0, 0, 0, 0, 0, 0, 0, 0, 0, 0, 100, -499621
g6, 100, 1, 100, 1250, dense_landmarks, Structures, 10, 1539, 0, 0, 0, 0, 0, 0, 0, 0, 0, 0, 90, -438461
g6, 100, 1, 100, 2000, dense_landmarks, Structures, 29, 2472, 0, 0, 0, 0, 0, 0, 0, 0, 0, 0, 71, -323528
g6, 100, 1, 1000, 500, dense_landmarks, Structures, 45, 324, 0, 0, 0, 0, 0, 0, 0, 0, 0, 0, 955, -4729676
g6, 100, 1, 1000, 1250, dense_landmarks, Structures, 145, 1126, 0, 0, 0, 0, 0, 0, 0, 0, 0, 0, 855, -4128874
g6, 100, 1, 1000, 2000, dense_landmarks, Structures, 203, 1900, 0, 0, 0, 0, 0, 0, 0, 0, 0, 0, 797, -3780100
g6, 100, 1, 100, 500, dense_landmarks, Diagonal, 0, 0, 0, 0, 0, 0, 0, 0, 0, 0, 0, 0, 100, -500000
g6, 100, 1, 100, 1250, dense_landmarks, Diagonal, 0, 0, 0, 0, 0, 0, 0, 0, 0, 0, 0, 0, 100, -500000
g6, 100, 1, 100, 2000, dense_landmarks, Diagonal, 0, 0, 0, 0, 0, 0, 0, 0, 0, 0, 0, 0, 100, -500000
g6, 100, 1, 1000, 500, dense_landmarks, Diagonal, 0, 0, 0, 0, 0, 0, 0, 0, 0, 0, 0, 0, 1000, -5000000
g6, 100, 1, 1000, 1250, dense_landmarks, Diagonal, 0, 0, 0, 0, 0, 0, 0, 0, 0, 0, 0, 0, 1000, -5000000
g6, 100, 1, 1000, 2000, dense_landmarks, Diagonal, 0, 0, 0, 0, 0, 0, 0, 0, 0, 0, 0, 0, 1000, -5000000
g6, 100, 3, 100, 500, sparse_landmarks, random_enemymap, 4, 294, 0, 6, 626, 0, 0, 0, 0, 0, 47, 0, 90, -439033
g6, 100, 3, 100, 1250, sparse_landmarks, random_enemymap, 32, 3243, 0, 29, 3155, 0, 0, 0, 0, 28, 3098, 0, 67, -236504
g6, 100, 3, 100, 2000, sparse_landmarks, random_enemymap, 68, 6035, 0, 68, 6018, 0, 0, 0, 0, 67, 5991, 0, 31, 66044
g6, 100, 3, 1000, 500, sparse_landmarks, random_enemymap, 21, 262, 0, 80, 552, 0, 0, 0, 0, 11, 36, 0, 899, -4382150
g6, 100, 3, 1000, 1250, sparse_landmarks, random_enemymap, 281, 2396, 0, 271, 2305, 0, 0, 0, 0, 264, 2275, 0, 710, -2727024
g6, 100, 3, 1000, 2000, sparse_landmarks, random_enemymap, 489, 4404, 0, 483, 4372, 0, 0, 0, 0, 480, 4338, 0, 506, -1064886
g6, 100, 3, 100, 500, sparse_landmarks, Quadmap, 11, 272, 0, 0, 632, 0, 0, 0, 0, 0, 47, 0, 89, -433049
g6, 100, 3, 100, 1250, sparse_landmarks, Quadmap, 51, 3174, 0, 42, 3088, 0, 0, 0, 0, 42, 3069, 0, 49, -100669
g6, 100, 3, 100, 2000, sparse_landmarks, Quadmap, 72, 5997, 0, 69, 5965, 0, 0, 0, 0, 69, 5955, 0, 28, 87917
g6, 100, 3, 1000, 500, sparse_landmarks, Quadmap, 82, 120, 0, 1, 631, 0, 0, 0, 0, 0, 47, 0, 917, -4501202
g6, 100, 3, 1000, 1250, sparse_landmarks, Quadmap, 284, 731, 0, 125, 1791, 0, 0, 0, 0, 125, 1783, 0, 612, -2521695
g6, 100, 3, 1000, 2000, sparse_landmarks, Quadmap, 362, 1146, 0, 273, 3252, 0, 0, 0, 0, 273, 3256, 0, 412, -1144346
g6, 100, 3, 100, 500, sparse_landmarks, Structures, 0, 328, 0, 18, 614, 0, 0, 0, 0, 1, 46, 0, 82, -390012
g6, 100, 3, 100, 1250, sparse_landmarks, Structures, 51, 3330, 0, 55, 3237, 0, 0, 0, 0, 52, 3212, 0, 44, -52221
g6, 100, 3, 100, 2000, sparse_landmarks, Structures, 77, 5998, 0, 81, 5977, 0, 0, 0, 0, 77, 5938, 0, 19, 157913
g6, 100, 3, 1000, 500, sparse_landmarks, Structures, 30, 248, 0, 58, 574, 0, 0, 0, 0, 4, 43, 0, 912, -4467135
g6, 100, 3, 1000, 1250, sparse_landmarks, Structures, 325, 2502, 0, 304, 2437, 0, 0, 0, 0, 304, 2412, 0, 663, -2374649
g6, 100, 3, 1000, 2000, sparse_landmarks, Structures, 201, 1896, 0, 288, 3250, 0, 0, 0, 0, 286, 3235, 0, 524, -1836619
g6, 100, 3, 100, 500, sparse_landmarks, Diagonal, 12, 241, 0, 3, 629, 0, 0, 0, 0, 0, 47, 0, 85, -409083
g6, 100, 3, 100, 1250, sparse_landmarks, Diagonal, 1, 201, 0, 28, 3046, 0, 0, 0, 0, 28, 3060, 0, 72, -296693
g6, 100, 3, 100, 2000, sparse_landmarks, Diagonal, 1, 201, 0, 60, 6017, 0, 0, 0, 0, 60, 6018, 0, 40, -66764
g6, 100, 3, 1000, 500, sparse_landmarks, Diagonal, 26, 222, 0, 140, 336, 0, 0, 0, 0, 9, 38, 0, 825, -3949404
g6, 100, 3, 1000, 1250, sparse_landmarks, Diagonal, 15, 187, 0, 299, 1937, 0, 0, 0, 0, 295, 1919, 0, 699, -2881957
g6, 100, 3, 1000, 2000, sparse_landmarks, Diagonal, 15, 187, 0, 490, 3919, 0, 0, 0, 0, 487, 3885, 0, 509, -1545009
g6, 100, 3, 100, 500, dense_landmarks, random_enemymap, 5, 600, 0, 5, 533, 0, 0, 0, 0, 2, 516, 0, 91, -441351
g6, 100, 3, 100, 1250, dense_landmarks, random_enemymap, 39, 3491, 0, 38, 3551, 0, 0, 0, 0, 35, 3387, 0, 58, -167571
g6, 100, 3, 100, 2000, dense_landmarks, random_enemymap, 69, 6292, 0, 69, 6366, 0, 0, 0, 0, 68, 6248, 0, 30, 74906
g6, 100, 3, 1000, 500, dense_landmarks, random_enemymap, 36, 323, 0, 72, 466, 0, 0, 0, 0, 42, 343, 0, 888, -4288868
g6, 100, 3, 1000, 1250, dense_landmarks, random_enemymap, 290, 2571, 0, 211, 1732, 0, 0, 0, 0, 274, 2450, 0, 679, -2613247
g6, 100, 3, 1000, 2000, dense_landmarks, random_enemymap, 506, 4607, 0, 519, 4680, 0, 0, 0, 0, 497, 4544, 0, 470, -814169
g6, 100, 3, 100, 500, dense_landmarks, Quadmap, 11, 594, 0, 0, 538, 0, 0, 0, 0, 2, 516, 0, 89, -430352
g6, 100, 3, 100, 1250, dense_landmarks, Quadmap, 51, 3468, 0, 42, 3450, 0, 0, 0, 0, 42, 3368, 0, 49, -99714
g6, 100, 3, 100, 2000, dense_landmarks, Quadmap, 72, 6245, 0, 69, 6322, 0, 0, 0, 0, 69, 6203, 0, 28, 88770
g6, 100, 3, 1000, 500, dense_landmarks, Quadmap, 0, 0, 0, 1, 537, 0, 0, 0, 0, 26, 447, 0, 974, -4842016
g6, 100, 3, 1000, 1250, dense_landmarks, Quadmap, 251, 712, 0, 127, 2052, 0, 0, 0, 0, 127, 1985, 0, 640, -2690251
g6, 100, 3, 1000, 2000, dense_landmarks, Quadmap, 364, 1136, 0, 273, 3628, 0, 0, 0, 0, 273, 3517, 0, 410, -1131719
g6, 100, 3, 100, 500, dense_landmarks, Structures, 6, 599, 0, 18, 520, 0, 0, 0, 0, 10, 508, 0, 81, -369373
g6, 100, 3, 100, 1250, dense_landmarks, Structures, 43, 3522, 0, 53, 3571, 0, 0, 0, 0, 44, 3413, 0, 46, -79494
g6, 100, 3, 100, 2000, dense_landmarks, Structures, 64, 6263, 0, 73, 6328, 0, 0, 0, 0, 64, 6215, 0, 27, 84806
g6, 100, 3, 1000, 500, dense_landmarks, Structures, 45, 324, 0, 48, 490, 0, 0, 0, 0, 48, 337, 0, 893, -4322849
g6, 100, 3, 1000, 1250, dense_landmarks, Structures, 318, 2691, 0, 308, 2763, 0, 0, 0, 0, 297, 2607, 0, 659, -2363939
g6, 100, 3, 1000, 2000, dense_landmarks, Structures, 203, 1900, 0, 154, 2017, 0, 0, 0, 0, 214, 2096, 0, 503, -1937987
g6, 100, 3, 100, 500, dense_landmarks, Diagonal, 0, 0, 0, 2, 536, 0, 0, 0, 0, 3, 515, 0, 97, -478949
g6, 100, 3, 100, 1250, dense_landmarks, Diagonal, 0, 0, 0, 35, 3535, 0, 0, 0, 0, 35, 3368, 0, 65, -248097
g6, 100, 3, 100, 2000, dense_landmarks, Diagonal, 0, 0, 0, 68, 6332, 0, 0, 0, 0, 68, 6198, 0, 32, -11470
g6, 100, 3, 1000, 500, dense_landmarks, Diagonal, 0, 0, 0, 0, 0, 0, 0, 0, 0, 91, 427, 0, 909, -4453573
g6, 100, 3, 1000, 1250, dense_landmarks, Diagonal, 0, 0, 0, 352, 2448, 0, 0, 0, 0, 294, 2342, 0, 643, -2564210
g6, 100, 3, 1000, 2000, dense_landmarks, Diagonal, 0, 0, 0, 548, 4396, 0, 0, 0, 0, 496, 4275, 0, 451, -1202329
g6, 100, 16, 100, 500, sparse_landmarks, random_enemymap, 12, 923, 0, 18, 1631, 0, 12, 988, 0, 10, 1111, 0, 65, -268347
g6, 100, 16, 100, 1250, sparse_landmarks, random_enemymap, 90, 8792, 0, 90, 8792, 0, 90, 8792, 0, 90, 8792, 0, 10, 345168
g6, 100, 16, 100, 2000, sparse_landmarks, random_enemymap, 100, 9900, 0, 100, 9900, 0, 100, 9900, 0, 100, 9900, 0, 0, 439600
g6, 100, 16, 1000, 500, sparse_landmarks, random_enemymap, 89, 831, 0, 136, 1058, 0, 82, 838, 0, 61, 443, 0, 693, -3093830
g6, 100, 16, 1000, 1250, sparse_landmarks, random_enemymap, 777, 7041, 0, 729, 6492, 0, 726, 6477, 0, 780, 7069, 0, 217, 1954079
g6, 100, 16, 1000, 2000, sparse_landmarks, random_enemymap, 985, 8895, 0, 932, 8339, 0, 983, 8887, 0, 985, 8896, 0, 15, 3845017
g6, 100, 16, 100, 500, sparse_landmarks, Quadmap, 23, 897, 0, 8, 1641, 0, 6, 1014, 0, 0, 1121, 0, 72, -318327
g6, 100, 16, 100, 1250, sparse_landmarks, Quadmap, 94, 8750, 0, 94, 8750, 0, 94, 8750, 0, 94, 8751, 0, 6, 381001
g6, 100, 16, 100, 2000, sparse_landmarks, Quadmap, 100, 9900, 0, 100, 9900, 0, 100, 9900, 0, 100, 9900, 0, 0, 439600
g6, 100, 16, 1000, 500, sparse_landmarks, Quadmap, 178, 661, 0, 43, 1606, 0, 45, 975, 0, 1, 1120, 0, 790, -3678638
g6, 100, 16, 1000, 1250, sparse_landmarks, Quadmap, 380, 1272, 0, 684, 6714, 0, 610, 6306, 0, 610, 6386, 0, 183, 1389678
g6, 100, 16, 1000, 2000, sparse_landmarks, Quadmap, 500, 2190, 0, 982, 8794, 0, 973, 8515, 0, 973, 8530, 0, 18, 3366029
g6, 100, 16, 100, 500, sparse_landmarks, Structures, 18, 947, 0, 35, 1159, 0, 8, 992, 0, 19, 1102, 0, 53, -180800
g6, 100, 16, 100, 1250, sparse_landmarks, Structures, 99, 8809, 0, 99, 8809, 0, 99, 8809, 0, 99, 8825, 0, 1, 426252
g6, 100, 16, 100, 2000, sparse_landmarks, Structures, 100, 9900, 0, 100, 9900, 0, 100, 9900, 0, 100, 9900, 0, 0, 439600
g6, 100, 16, 1000, 500, sparse_landmarks, Structures, 128, 787, 0, 162, 1032, 0, 94, 891, 0, 42, 462, 0, 669, -2915828
g6, 100, 16, 1000, 1250, sparse_landmarks, Structures, 830, 7140, 0, 830, 7148, 0, 830, 7140, 0, 834, 7167, 0, 166, 2522595
g6, 100, 16, 1000, 2000, sparse_landmarks, Structures, 993, 8889, 0, 993, 8889, 0, 993, 8889, 0, 993, 8889, 0, 7, 3972556
g6, 100, 16, 100, 500, sparse_landmarks, Diagonal, 12, 878, 0, 11, 1546, 0, 15, 870, 0, 8, 1113, 0, 61, -254593
g6, 100, 16, 100, 1250, sparse_landmarks, Diagonal, 1, 838, 0, 100, 8330, 0, 1, 820, 0, 100, 8349, 0, 0, 220337
g6, 100, 16, 100, 2000, sparse_landmarks, Diagonal, 1, 838, 0, 100, 9827, 0, 1, 820, 0, 100, 9827, 0, 0, 223312
g6, 100, 16, 1000, 500, sparse_landmarks, Diagonal, 82, 803, 0, 192, 847, 0, 80, 800, 0, 57, 447, 0, 636, -2766103
g6, 100, 16, 1000, 1250, sparse_landmarks, Diagonal, 71, 768, 0, 725, 5849, 0, 63, 758, 0, 727, 5913, 0, 268, 259288
g6, 100, 16, 1000, 2000, sparse_landmarks, Diagonal, 71, 768, 0, 929, 8138, 0, 63, 758, 0, 952, 8441, 0, 48, 1793105
g6, 100, 16, 100, 500, dense_landmarks, random_enemymap, 19, 1709, 0, 23, 2331, 0, 18, 1804, 0, 20, 2120, 0, 70, -262036
g6, 100, 16, 100, 1250, dense_landmarks, random_enemymap, 90, 9075, 0, 90, 9075, 0, 90, 9075, 0, 90, 9082, 0, 10, 346307
g6, 100, 16, 100, 2000, dense_landmarks, random_enemymap, 100, 9900, 0, 100, 9900, 0, 100, 9900, 0, 100, 9900, 0, 0, 439600
g6, 100, 16, 1000, 500, dense_landmarks, random_enemymap, 171, 1496, 0, 111, 827, 0, 146, 1302, 0, 179, 1545, 0, 702, -2897830
g6, 100, 16, 1000, 1250, dense_landmarks, random_enemymap, 817, 7440, 0, 709, 6298, 0, 706, 6294, 0, 818, 7455, 0, 180, 2177487
g6, 100, 16, 1000, 2000, dense_landmarks, random_enemymap, 1000, 9000, 0, 974, 8690, 0, 974, 8690, 0, 1000, 9000, 0, 0, 3983380
g6, 100, 16, 100, 500, dense_landmarks, Quadmap, 22, 1759, 0, 13, 2380, 0, 13, 1862, 0, 13, 2180, 0, 78, -320819
g6, 100, 16, 100, 1250, dense_landmarks, Quadmap, 93, 9122, 0, 93, 9122, 0, 93, 9122, 0, 93, 9125, 0, 7, 373491
g6, 100, 16, 100, 2000, dense_landmarks, Quadmap, 100, 9895, 0, 100, 9900, 0, 100, 9900, 0, 100, 9900, 0, 0, 439595
g6, 100, 16, 1000, 500, dense_landmarks, Quadmap, 0, 0, 0, 65, 2080, 0, 65, 1561, 0, 107, 2118, 0, 854, -4027241
g6, 100, 16, 1000, 1250, dense_landmarks, Quadmap, 381, 1194, 0, 810, 7623, 0, 605, 6821, 0, 605, 6855, 0, 157, 1638493
g6, 100, 16, 1000, 2000, dense_landmarks, Quadmap, 456, 1554, 0, 994, 8821, 0, 977, 8477, 0, 977, 8498, 0, 6, 3401350
g6, 100, 16, 100, 500, dense_landmarks, Structures, 27, 1701, 0, 46, 2160, 0, 28, 1794, 0, 39, 2101, 0, 52, -112244
g6, 100, 16, 100, 1250, dense_landmarks, Structures, 100, 9067, 0, 100, 9065, 0, 100, 9065, 0, 100, 9072, 0, 0, 436269
g6, 100, 16, 100, 2000, dense_landmarks, Structures, 100, 9900, 0, 100, 9900, 0, 100, 9900, 0, 100, 9900, 0, 0, 439600
g6, 100, 16, 1000, 500, dense_landmarks, Structures, 224, 1461, 0, 280, 1889, 0, 199, 1580, 0, 209, 1533, 0, 664, -2401537
g6, 100, 16, 1000, 1250, dense_landmarks, Structures, 838, 7530, 0, 831, 7532, 0, 831, 7525, 0, 832, 7542, 0, 161, 2557129
g6, 100, 16, 1000, 2000, dense_landmarks, Structures, 1000, 9000, 0, 1000, 9000, 0, 1000, 9000, 0, 1000, 9000, 0, 0, 4036000
g6, 100, 16, 100, 500, dense_landmarks, Diagonal, 0, 0, 0, 9, 2236, 0, 13, 148, 0, 9, 2184, 0, 75, -339432
g6, 100, 16, 100, 1250, dense_landmarks, Diagonal, 0, 0, 0, 100, 9038, 0, 1, 104, 0, 100, 9045, 0, 0, 219187
g6, 100, 16, 100, 2000, dense_landmarks, Diagonal, 0, 0, 0, 100, 9900, 0, 1, 104, 0, 100, 9900, 0, 0, 220904
g6, 100, 16, 1000, 500, dense_landmarks, Diagonal, 0, 0, 0, 38, 365, 0, 23, 128, 0, 199, 1545, 0, 747, -3472962
g6, 100, 16, 1000, 1250, dense_landmarks, Diagonal, 0, 0, 0, 806, 6892, 0, 10, 95, 0, 832, 7187, 0, 165, 837174
g6, 100, 16, 1000, 2000, dense_landmarks, Diagonal, 0, 0, 0, 949, 8349, 0, 10, 95, 0, 973, 8685, 0, 27, 1814129
g6, 100, 25, 100, 500, sparse_landmarks, random_enemymap, 22, 1877, 0, 19, 1797, 0, 21, 1753, 0, 14, 1800, 0, 53, -181773
g6, 100, 25, 100, 1250, sparse_landmarks, random_enemymap, 94, 9505, 0, 94, 9505, 0, 94, 9505, 0, 94, 9505, 0, 6, 384020
g6, 100, 25, 100, 2000, sparse_landmarks, random_enemymap, 100, 9900, 0, 100, 9900, 0, 100, 9900, 0, 100, 9900, 0, 0, 439600
g6, 100, 25, 1000, 500, sparse_landmarks, random_enemymap, 134, 1164, 0, 156, 1205, 0, 144, 1186, 0, 140, 1041, 0, 540, -2121404
g6, 100, 25, 1000, 1250, sparse_landmarks, random_enemymap, 880, 7924, 0, 862, 7679, 0, 861, 7677, 0, 880, 7924, 0, 119, 2919204
g6, 100, 25, 1000, 2000, sparse_landmarks, random_enemymap, 1000, 9000, 0, 978, 8787, 0, 988, 8897, 0, 1000, 9000, 0, 0, 4001684
g6, 100, 25, 100, 500, sparse_landmarks, Quadmap, 37, 1862, 0, 8, 1808, 0, 20, 1754, 0, 1, 1813, 0, 58, -216763
g6, 100, 25, 100, 1250, sparse_landmarks, Quadmap, 100, 9242, 0, 100, 9244, 0, 100, 9248, 0, 100, 9242, 0, 0, 436976
g6, 100, 25, 100, 2000, sparse_landmarks, Quadmap, 100, 9900, 0, 100, 9900, 0, 100, 9900, 0, 100, 9900, 0, 0, 439600
g6, 100, 25, 1000, 500, sparse_landmarks, Quadmap, 248, 792, 0, 43, 1773, 0, 78, 1441, 0, 8, 1806, 0, 690, -3067188
g6, 100, 25, 1000, 1250, sparse_landmarks, Quadmap, 383, 1277, 0, 905, 7501, 0, 893, 7444, 0, 864, 7375, 0, 38, 2878597
g6, 100, 25, 1000, 2000, sparse_landmarks, Quadmap, 203, 713, 0, 1000, 9000, 0, 1000, 9000, 0, 1000, 9000, 0, 0, 3230713
g6, 100, 25, 100, 500, sparse_landmarks, Structures, 19, 1880, 0, 35, 1326, 0, 8, 1766, 0, 23, 1791, 0, 49, -153237
g6, 100, 25, 100, 1250, sparse_landmarks, Structures, 96, 9416, 0, 96, 9419, 0, 96, 9416, 0, 96, 9416, 0, 4, 401667
g6, 100, 25, 100, 2000, sparse_landmarks, Structures, 100, 9900, 0, 100, 9900, 0, 100, 9900, 0, 100, 9900, 0, 0, 439600
g6, 100, 25, 1000, 500, sparse_landmarks, Structures, 172, 1126, 0, 164, 1197, 0, 137, 1342, 0, 155, 1531, 0, 529, -2011804
g6, 100, 25, 1000, 1250, sparse_landmarks, Structures, 911, 8134, 0, 911, 8137, 0, 911, 8134, 0, 911, 8134, 0, 89, 3231539
g6, 100, 25, 1000, 2000, sparse_landmarks, Structures, 1000, 9000, 0, 1000, 9000, 0, 1000, 9000, 0, 1000, 9000, 0, 0, 4036000
g6, 100, 25, 100, 500, sparse_landmarks, Diagonal, 27, 1013, 0, 11, 1713, 0, 20, 911, 0, 12, 1802, 0, 40, -124561
g6, 100, 25, 100, 1250, sparse_landmarks, Diagonal, 1, 915, 0, 100, 8988, 0, 1, 841, 0, 100, 8985, 0, 0, 221729
g6, 100, 25, 100, 2000, sparse_landmarks, Diagonal, 1, 915, 0, 100, 9640, 5, 1, 841, 0, 100, 9453, 5, 0, 212849
g6, 100, 25, 1000, 500, sparse_landmarks, Diagonal, 108, 932, 0, 208, 998, 0, 132, 1138, 0, 117, 1064, 0, 519, -2025868
g6, 100, 25, 1000, 1250, sparse_landmarks, Diagonal, 75, 841, 0, 800, 6794, 0, 157, 1324, 0, 821, 7037, 0, 162, 1058996
g6, 100, 25, 1000, 2000, sparse_landmarks, Diagonal, 75, 841, 0, 208, 998, 0, 64, 778, 0, 969, 8684, 0, 31, 1172301
g6, 100, 25, 100, 500, dense_landmarks, random_enemymap, 32, 2562, 0, 38, 3255, 0, 34, 2808, 0, 36, 3071, 0, 58, -138304
g6, 100, 25, 100, 1250, dense_landmarks, random_enemymap, 100, 9883, 0, 100, 9883, 0, 100, 9883, 0, 100, 9883, 0, 0, 439532
g6, 100, 25, 100, 2000, dense_landmarks, random_enemymap, 100, 9900, 0, 100, 9900, 0, 100, 9900, 0, 100, 9900, 0, 0, 439600
g6, 100, 25, 1000, 500, dense_landmarks, random_enemymap, 246, 2205, 0, 111, 827, 0, 170, 1586, 0, 249, 2178, 0, 639, -2412204
g6, 100, 25, 1000, 1250, dense_landmarks, random_enemymap, 951, 8476, 0, 895, 7978, 0, 894, 7975, 0, 957, 8530, 0, 43, 3514959
g6, 100, 25, 1000, 2000, dense_landmarks, random_enemymap, 1000, 9000, 0, 1000, 9000, 0, 10, 95, 0, 1000, 9000, 0, 0, 3037095
g6, 100, 25, 100, 500, dense_landmarks, Quadmap, 31, 2651, 0, 27, 3344, 0, 27, 2857, 0, 27, 3168, 0, 69, -220980
g6, 100, 25, 100, 1250, dense_landmarks, Quadmap, 100, 9897, 0, 100, 9897, 0, 100, 9897, 0, 100, 9897, 0, 0, 439588
g6, 100, 25, 100, 2000, dense_landmarks, Quadmap, 100, 9900, 0, 100, 9900, 0, 100, 9900, 0, 100, 9900, 0, 0, 439600
g6, 100, 25, 1000, 500, dense_landmarks, Quadmap, 80, 141, 0, 98, 2678, 0, 98, 2191, 0, 200, 2852, 0, 725, -3141138
g6, 100, 25, 1000, 1250, dense_landmarks, Quadmap, 253, 720, 0, 957, 8190, 0, 984, 8223, 0, 957, 8225, 0, 6, 3146358
g6, 100, 25, 1000, 2000, dense_landmarks, Quadmap, 35, 62, 0, 1000, 9000, 0, 1000, 9000, 0, 1000, 9000, 0, 0, 3062062
g6, 100, 25, 100, 500, dense_landmarks, Structures, 32, 2612, 0, 44, 3151, 0, 33, 2859, 0, 39, 3118, 0, 54, -110260
g6, 100, 25, 100, 1250, dense_landmarks, Structures, 100, 9883, 0, 100, 9883, 0, 100, 9883, 0, 100, 9883, 0, 0, 439532
g6, 100, 25, 100, 2000, dense_landmarks, Structures, 100, 9900, 0, 100, 9900, 0, 100, 9900, 0, 100, 9900, 0, 0, 439600
g6, 100, 25, 1000, 500, dense_landmarks, Structures, 271, 2156, 0, 350, 2636, 0, 318, 2768, 0, 283, 2361, 0, 580, -1668079
g6, 100, 25, 1000, 1250, dense_landmarks, Structures, 971, 8577, 0, 971, 8577, 0, 971, 8577, 0, 971, 8589, 0, 29, 3773320
g6, 100, 25, 1000, 2000, dense_landmarks, Structures, 1000, 9000, 0, 1000, 9000, 0, 1000, 9000, 0, 1000, 9000, 0, 0, 4036000
g6, 100, 25, 100, 500, dense_landmarks, Diagonal, 27, 194, 0, 27, 2967, 0, 13, 148, 0, 29, 2934, 0, 32, -57757
g6, 100, 25, 100, 1250, dense_landmarks, Diagonal, 1, 96, 0, 100, 9877, 0, 1, 104, 0, 100, 9877, 0, 0, 221954
g6, 100, 25, 100, 2000, dense_landmarks, Diagonal, 1, 96, 0, 100, 9895, 5, 1, 104, 0, 100, 9895, 5, 0, 211990
g6, 100, 25, 1000, 500, dense_landmarks, Diagonal, 38, 183, 0, 38, 365, 0, 23, 128, 0, 267, 2146, 0, 643, -2846178
g6, 100, 25, 1000, 1250, dense_landmarks, Diagonal, 5, 92, 0, 870, 7626, 0, 10, 95, 0, 919, 8100, 0, 81, 1414913
g6, 100, 25, 1000, 2000, dense_landmarks, Diagonal, location: (1, 100) was incorrect
location: (2, 99) was incorrect
location: (3, 96) was incorrect
location: (3, 98) was incorrect
location: (4, 97) was incorrect
location: (5, 96) was incorrect
location: (6, 95) was incorrect
location: (7, 92) was incorrect
location: (7, 94) was incorrect
location: (8, 92) was incorrect
location: (9, 92) was incorrect
location: (10, 90) was incorrect
location: (11, 90) was incorrect
location: (12, 89) was incorrect
location: (13, 88) was incorrect
location: (14, 87) was incorrect
location: (15, 86) was incorrect
location: (16, 85) was incorrect
location: (17, 84) was incorrect
location: (18, 83) was incorrect
location: (19, 82) was incorrect
location: (20, 81) was incorrect
location: (21, 80) was incorrect
location: (22, 79) was incorrect
location: (23, 78) was incorrect
location: (24, 77) was incorrect
location: (25, 76) was incorrect
location: (26, 75) was incorrect
location: (27, 74) was incorrect
location: (28, 73) was incorrect
location: (29, 72) was incorrect
location: (30, 68) was incorrect
location: (30, 71) was incorrect
location: (31, 68) was incorrect
location: (31, 70) was incorrect
location: (32, 69) was incorrect
location: (33, 68) was incorrect
location: (34, 66) was incorrect
location: (35, 66) was incorrect
location: (36, 65) was incorrect
location: (37, 64) was incorrect
location: (38, 62) was incorrect
location: (39, 61) was incorrect
location: (40, 61) was incorrect
location: (41, 59) was incorrect
location: (42, 59) was incorrect
location: (43, 58) was incorrect
location: (44, 57) was incorrect
location: (45, 56) was incorrect
location: (46, 52) was incorrect
location: (46, 55) was incorrect
location: (47, 54) was incorrect
location: (48, 53) was incorrect
location: (49, 49) was incorrect
location: (49, 52) was incorrect
location: (50, 50) was incorrect
location: (50, 51) was incorrect
location: (51, 50) was incorrect
location: (52, 49) was incorrect
location: (56, 49) was incorrect
location: (58, 48) was incorrect
location: (60, 45) was incorrect
location: (63, 40) was incorrect
location: (65, 50) was incorrect
location: (68, 56) was incorrect
location: (69, 56) was incorrect
location: (70, 35) was incorrect
location: (71, 15) was incorrect
location: (72, 59) was incorrect
location: (72, 61) was incorrect
location: (73, 14) was incorrect
location: (74, 32) was incorrect
location: (75, 64) was incorrect
location: (76, 13) was incorrect
location: (76, 65) was incorrect
location: (78, 27) was incorrect
location: (79, 14) was incorrect
location: (79, 25) was incorrect
location: (80, 66) was incorrect
location: (81, 70) was incorrect
location: (82, 68) was incorrect
location: (83, 14) was incorrect
location: (83, 70) was incorrect
location: (85, 13) was incorrect
location: (85, 38) was incorrect
location: (85, 40) was incorrect
location: (85, 60) was incorrect
location: (85, 60) was incorrect
location: (85, 69) was incorrect
location: (86, 15) was incorrect
location: (86, 39) was incorrect
location: (86, 59) was incorrect
location: (87, 14) was incorrect
location: (87, 46) was incorrect
location: (87, 53) was incorrect
location: (87, 60) was incorrect
location: (88, 13) was incorrect
location: (88, 17) was incorrect
5, 92, 0, 999, 8927, 74, 10, 95, 0, 25, 8999, 97, 1, 881113
g6, 100, 100, 100, 500, sparse_landmarks, random_enemymap, 56, 5137, 0, 52, 5183, 0, 57, 4933, 0, 53, 5581, 0, 7, 203834
g6, 100, 100, 100, 1250, sparse_landmarks, random_enemymap, 100, 9899, 0, 100, 9899, 0, 100, 9899, 0, 100, 9899, 0, 0, 439596
g6, 100, 100, 100, 2000, sparse_landmarks, random_enemymap, 100, 9900, 0, 100, 9900, 0, 100, 9900, 0, 100, 9900, 0, 0, 439600
g6, 100, 100, 1000, 500, sparse_landmarks, random_enemymap, 441, 3965, 0, 344, 2910, 0, 389, 3423, 0, 382, 3151, 0, 109, 1024449
g6, 100, 100, 1000, 1250, sparse_landmarks, random_enemymap, 996, 8953, 0, 964, 8655, 0, 835, 7452, 0, 997, 8960, 0, 3, 3811020
g6, 100, 100, 1000, 2000, sparse_landmarks, random_enemymap, 1000, 9000, 0, 996, 8964, 0, 1000, 8999, 0, 1000, 9000, 0, 0, 4031963
g6, 100, 100, 100, 500, sparse_landmarks, Quadmap, 68, 5170, 0, 49, 5117, 0, 35, 4955, 0, 46, 5766, 0, 12, 159008
g6, 100, 100, 100, 1250, sparse_landmarks, Quadmap, 100, 9900, 0, 100, 9900, 0, 100, 9900, 0, 100, 9900, 0, 0, 439600
g6, 100, 100, 100, 2000, sparse_landmarks, Quadmap, 100, 9900, 0, 100, 9900, 0, 100, 9900, 0, 100, 9900, 0, 0, 439600
g6, 100, 100, 1000, 500, sparse_landmarks, Quadmap, 630, 3338, 0, 416, 4361, 0, 291, 4430, 0, 271, 4893, 0, 113, 1060022
g6, 100, 100, 1000, 1250, sparse_landmarks, Quadmap, 630, 3338, 0, 972, 8899, 6, 976, 8903, 6, 993, 8930, 6, 3, 3568070
g6, 100, 100, 1000, 2000, sparse_landmarks, Quadmap, 1000, 8897, 64, 1000, 8936, 64, 1000, 8936, 64, 1000, 8936, 64, 0, 3779705
g6, 100, 100, 100, 500, sparse_landmarks, Structures, 59, 5103, 0, 65, 4508, 0, 33, 4849, 0, 58, 5298, 0, 4, 214758
g6, 100, 100, 100, 1250, sparse_landmarks, Structures, 100, 9900, 0, 100, 9900, 0, 100, 9900, 0, 100, 9900, 0, 0, 439600
g6, 100, 100, 100, 2000, sparse_landmarks, Structures, 100, 9900, 0, 100, 9900, 0, 100, 9900, 0, 100, 9900, 0, 0, 439600
g6, 100, 100, 1000, 500, sparse_landmarks, Structures, 541, 4436, 0, 402, 3728, 0, 447, 4448, 0, 430, 4308, 0, 118, 1246920
g6, 100, 100, 1000, 1250, sparse_landmarks, Structures, 995, 8977, 0, 995, 8977, 0, 995, 8977, 0, 995, 8977, 0, 5, 3990908
g6, 100, 100, 1000, 2000, sparse_landmarks, Structures, 1000, 9000, 0, 1000, 9000, 0, 1000, 9000, 0, 1000, 9000, 0, 0, 4036000
g6, 100, 100, 100, 500, sparse_landmarks, Diagonal, 27, 3813, 0, 29, 4538, 0, 23, 3589, 0, 32, 5296, 0, 17, 43236
g6, 100, 100, 100, 1250, sparse_landmarks, Diagonal, 59, 3909, 0, 100, 9850, 8, 24, 3592, 0, 100, 9850, 8, 0, 294201
g6, 100, 100, 100, 2000, sparse_landmarks, Diagonal, 100, 9809, 8, 100, 9854, 8, 24, 3592, 0, 100, 9853, 8, 0, 333108
g6, 100, 100, 1000, 500, sparse_landmarks, Diagonal, 385, 3577, 0, 371, 2664, 0, 371, 3385, 0, 398, 3015, 0, 110, 987641
g6, 100, 100, 1000, 1250, sparse_landmarks, Diagonal, 399, 3569, 0, 977, 8687, 0, 354, 3262, 0, 994, 8889, 0, 6, 2718407
g6, 100, 100, 1000, 2000, sparse_landmarks, Diagonal, 996, 8955, 0, 996, 8954, 0, 354, 3262, 0, 1000, 9000, 0, 0, 3376171
g6, 100, 100, 100, 500, dense_landmarks, random_enemymap, 