g3, 100, 1, 100, 500, sparse_landmarks, random_enemymap, 0, 0, 0, 0, 0, 0, 5, 374, 0, 3, 277, 0, 95, -466349
g3, 100, 1, 100, 1250, sparse_landmarks, random_enemymap, 6, 625, 0, 6, 526, 0, 6, 427, 0, 7, 710, 0, 93, -437712
g3, 100, 1, 100, 2000, sparse_landmarks, random_enemymap, 11, 1454, 0, 11, 1355, 0, 11, 1256, 0, 12, 1515, 0, 88, -389420
g3, 100, 1, 1000, 500, sparse_landmarks, random_enemymap, 0, 0, 0, 0, 0, 0, 43, 336, 0, 33, 247, 0, 957, -4708417
g3, 100, 1, 1000, 1250, sparse_landmarks, random_enemymap, 56, 521, 0, 48, 430, 0, 67, 596, 0, 67, 596, 0, 933, -4424857
g3, 100, 1, 1000, 2000, sparse_landmarks, random_enemymap, 112, 1036, 0, 104, 945, 0, 118, 1099, 0, 118, 1099, 0, 882, -3953821
g3, 100, 1, 100, 500, sparse_landmarks, Quadmap, 0, 0, 0, 0, 0, 0, 2, 377, 0, 2, 278, 0, 98, -485345
g3, 100, 1, 100, 1250, sparse_landmarks, Quadmap, 3, 620, 0, 2, 522, 0, 2, 423, 0, 4, 705, 0, 96, -466730
g3, 100, 1, 100, 2000, sparse_landmarks, Quadmap, 3, 1470, 0, 2, 1372, 0, 2, 1273, 0, 4, 1531, 0, 96, -463354
g3, 100, 1, 1000, 500, sparse_landmarks, Quadmap, 0, 0, 0, 0, 0, 0, 22, 357, 0, 22, 258, 0, 978, -4845385
g3, 100, 1, 1000, 1250, sparse_landmarks, Quadmap, 43, 534, 0, 22, 456, 0, 60, 603, 0, 60, 603, 0, 940, -4512804
g3, 100, 1, 1000, 2000, sparse_landmarks, Quadmap, 43, 1376, 0, 22, 1298, 0, 60, 1421, 0, 60, 1421, 0, 940, -4509484
g3, 100, 1, 100, 500, sparse_landmarks, Structures, 0, 0, 0, 0, 0, 0, 1, 378, 0, 1, 279, 0, 99, -492343
g3, 100, 1, 100, 1250, sparse_landmarks, Structures, 1, 638, 0, 1, 539, 0, 1, 440, 0, 1, 724, 0, 99, -488659
g3, 100, 1, 100, 2000, sparse_landmarks, Structures, 18, 1417, 0, 18, 1318, 0, 18, 1219, 0, 18, 1479, 0, 82, -332567
g3, 100, 1, 1000, 500, sparse_landmarks, Structures, 0, 0, 0, 0, 0, 0, 39, 340, 0, 37, 243, 0, 961, -4728417
g3, 100, 1, 1000, 1250, sparse_landmarks, Structures, 44, 533, 0, 39, 439, 0, 39, 340, 0, 44, 619, 0, 956, -4612069
g3, 100, 1, 1000, 2000, sparse_landmarks, Structures, 107, 985, 0, 102, 891, 0, 107, 1054, 0, 107, 1054, 0, 893, -4038016
g3, 100, 1, 100, 500, sparse_landmarks, Diagonal, 0, 0, 0, 0, 0, 0, 3, 376, 0, 2, 278, 0, 97, -479346
g3, 100, 1, 100, 1250, sparse_landmarks, Diagonal, 4, 635, 0, 3, 537, 0, 3, 438, 0, 4, 721, 0, 96, -463669
g3, 100, 1, 100, 2000, sparse_landmarks, Diagonal, 4, 1485, 0, 3, 1387, 0, 3, 1288, 0, 4, 1547, 0, 96, -460293
g3, 100, 1, 1000, 500, sparse_landmarks, Diagonal, 0, 0, 0, 0, 0, 0, 43, 336, 0, 33, 247, 0, 957, -4708417
g3, 100, 1, 1000, 1250, sparse_landmarks, Diagonal, 56, 521, 0, 48, 430, 0, 64, 599, 0, 64, 599, 0, 936, -4445851
g3, 100, 1, 1000, 2000, sparse_landmarks, Diagonal, 121, 1028, 0, 113, 937, 0, 124, 1094, 0, 124, 1094, 0, 876, -3893847
g3, 100, 1, 100, 500, dense_landmarks, random_enemymap, 0, 0, 0, 0, 0, 0, 5, 374, 0, 3, 277, 0, 95, -466349
g3, 100, 1, 100, 1250, dense_landmarks, random_enemymap, 6, 625, 0, 6, 526, 0, 6, 427, 0, 7, 710, 0, 93, -437712
g3, 100, 1, 100, 2000, dense_landmarks, random_enemymap, 11, 1454, 0, 11, 1355, 0, 11, 1256, 0, 12, 1515, 0, 88, -389420
g3, 100, 1, 1000, 500, dense_landmarks, random_enemymap, 0, 0, 0, 0, 0, 0, 43, 336, 0, 33, 247, 0, 957, -4708417
g3, 100, 1, 1000, 1250, dense_landmarks, random_enemymap, 56, 521, 0, 48, 430, 0, 67, 596, 0, 67, 596, 0, 933, -4424857
g3, 100, 1, 1000, 2000, dense_landmarks, random_enemymap, 112, 1036, 0, 104, 945, 0, 118, 1099, 0, 118, 1099, 0, 882, -3953821
g3, 100, 1, 100, 500, dense_landmarks, Quadmap, 0, 0, 0, 0, 0, 0, 2, 377, 0, 2, 278, 0, 98, -485345
g3, 100, 1, 100, 1250, dense_landmarks, Quadmap, 3, 620, 0, 2, 522, 0, 2, 423, 0, 4, 705, 0, 96, -466730
g3, 100, 1, 100, 2000, dense_landmarks, Quadmap, 3, 1470, 0, 2, 1372, 0, 2, 1273, 0, 4, 1531, 0, 96, -463354
g3, 100, 1, 1000, 500, dense_landmarks, Quadmap, 0, 0, 0, 0, 0, 0, 22, 357, 0, 22, 258, 0, 978, -4845385
g3, 100, 1, 1000, 1250, dense_landmarks, Quadmap, 43, 534, 0, 22, 456, 0, 60, 603, 0, 60, 603, 0, 940, -4512804
g3, 100, 1, 1000, 2000, dense_landmarks, Quadmap, 43, 1376, 0, 22, 1298, 0, 60, 1421, 0, 60, 1421, 0, 940, -4509484
g3, 100, 1, 100, 500, dense_landmarks, Structures, 0, 0, 0, 0, 0, 0, 1, 378, 0, 1, 279, 0, 99, -492343
g3, 100, 1, 100, 1250, dense_landmarks, Structures, 1, 638, 0, 1, 539, 0, 1, 440, 0, 1, 724, 0, 99, -488659
g3, 100, 1, 100, 2000, dense_landmarks, Structures, 18, 1417, 0, 18, 1318, 0, 18, 1219, 0, 18, 1479, 0, 82, -332567
g3, 100, 1, 1000, 500, dense_landmarks, Structures, 0, 0, 0, 0, 0, 0, 39, 340, 0, 37, 243, 0, 961, -4728417
g3, 100, 1, 1000, 1250, dense_landmarks, Structures, 44, 533, 0, 39, 439, 0, 39, 340, 0, 44, 619, 0, 956, -4612069
g3, 100, 1, 1000, 2000, dense_landmarks, Structures, 107, 985, 0, 102, 891, 0, 107, 1054, 0, 107, 1054, 0, 893, -4038016
g3, 100, 1, 100, 500, dense_landmarks, Diagonal, 0, 0, 0, 0, 0, 0, 3, 376, 0, 2, 278, 0, 97, -479346
g3, 100, 1, 100, 1250, dense_landmarks, Diagonal, 4, 635, 0, 3, 537, 0, 3, 438, 0, 4, 721, 0, 96, -463669
g3, 100, 1, 100, 2000, dense_landmarks, Diagonal, 4, 1485, 0, 3, 1387, 0, 3, 1288, 0, 4, 1547, 0, 96, -460293
g3, 100, 1, 1000, 500, dense_landmarks, Diagonal, 0, 0, 0, 0, 0, 0, 43, 336, 0, 33, 247, 0, 957, -4708417
g3, 100, 1, 1000, 1250, dense_landmarks, Diagonal, 56, 521, 0, 48, 430, 0, 64, 599, 0, 64, 599, 0, 936, -4445851
g3, 100, 1, 1000, 2000, dense_landmarks, Diagonal, 121, 1028, 0, 113, 937, 0, 124, 1094, 0, 124, 1094, 0, 876, -3893847
g3, 100, 3, 100, 500, sparse_landmarks, random_enemymap, 0, 0, 0, 5, 471, 0, 2, 253, 0, 3, 277, 0, 90, -438999
g3, 100, 3, 100, 1250, sparse_landmarks, random_enemymap, 25, 2835, 0, 23, 2787, 0, 22, 2634, 0, 18, 2042, 0, 73, -266702
g3, 100, 3, 100, 2000, sparse_landmarks, random_enemymap, 42, 4290, 0, 40, 4249, 0, 39, 4124, 0, 42, 4213, 0, 56, -100124
g3, 100, 3, 1000, 500, sparse_landmarks, random_enemymap, 0, 0, 0, 58, 418, 0, 28, 227, 0, 33, 247, 0, 883, -4295108
g3, 100, 3, 1000, 1250, sparse_landmarks, random_enemymap, 229, 1884, 0, 217, 1743, 0, 222, 1795, 0, 33, 247, 0, 744, -3013331
g3, 100, 3, 1000, 2000, sparse_landmarks, random_enemymap, 376, 3255, 0, 368, 3216, 0, 358, 3088, 0, 366, 3179, 0, 601, -1524262
g3, 100, 3, 100, 500, sparse_landmarks, Quadmap, 0, 0, 0, 0, 476, 0, 0, 255, 0, 2, 278, 0, 98, -486991
g3, 100, 3, 100, 1250, sparse_landmarks, Quadmap, 21, 2850, 0, 14, 2802, 0, 14, 2659, 0, 21, 2774, 0, 78, -308915
g3, 100, 3, 100, 2000, sparse_landmarks, Quadmap, 36, 4364, 0, 30, 4331, 0, 30, 4203, 0, 37, 4288, 0, 63, -164814
g3, 100, 3, 1000, 500, sparse_landmarks, Quadmap, 0, 0, 0, 0, 476, 0, 0, 255, 0, 22, 258, 0, 978, -4867011
g3, 100, 3, 1000, 1250, sparse_landmarks, Quadmap, 0, 0, 0, 110, 2150, 0, 110, 2217, 0, 22, 258, 0, 890, -4203375
g3, 100, 3, 1000, 2000, sparse_landmarks, Quadmap, 253, 3675, 0, 240, 3817, 0, 240, 3685, 0, 22, 258, 0, 747, -2968565
g3, 100, 3, 100, 500, sparse_landmarks, Structures, 0, 0, 0, 13, 463, 0, 14, 241, 0, 1, 279, 0, 76, -351017
g3, 100, 3, 100, 1250, sparse_landmarks, Structures, 35, 2780, 0, 35, 2715, 0, 31, 2565, 0, 31, 2697, 0, 65, -182243
g3, 100, 3, 100, 2000, sparse_landmarks, Structures, 49, 4301, 0, 49, 4262, 0, 45, 4138, 0, 45, 4230, 0, 51, -50069
g3, 100, 3, 1000, 500, sparse_landmarks, Structures, 0, 0, 0, 44, 432, 0, 41, 214, 0, 37, 243, 0, 890, -4327111
g3, 100, 3, 1000, 1250, sparse_landmarks, Structures, 237, 2191, 0, 197, 2134, 0, 191, 1984, 0, 226, 2113, 0, 761, -2945578
g3, 100, 3, 1000, 2000, sparse_landmarks, Structures, 350, 3168, 0, 319, 3152, 0, 313, 3022, 0, 340, 3105, 0, 648, -1905553
g3, 100, 3, 100, 500, sparse_landmarks, Diagonal, 0, 0, 0, 3, 473, 0, 1, 254, 0, 2, 278, 0, 94, -462995
g3, 100, 3, 100, 1250, sparse_landmarks, Diagonal, 67, 2712, 0, 21, 2458, 0, 54, 2503, 0, 2, 278, 0, 0, 151951
g3, 100, 3, 100, 2000, sparse_landmarks, Diagonal, 67, 4350, 0, 21, 4150, 0, 54, 4196, 0, 2, 278, 0, 0, 156974
g3, 100, 3, 1000, 500, sparse_landmarks, Diagonal, 0, 0, 0, 140, 336, 0, 23, 232, 0, 33, 247, 0, 808, -3843185
g3, 100, 3, 1000, 1250, sparse_landmarks, Diagonal, 0, 0, 0, 286, 1664, 0, 23, 232, 0, 33, 247, 0, 714, -3225857
g3, 100, 3, 1000, 2000, sparse_landmarks, Diagonal, 451, 3069, 0, 390, 2871, 0, 424, 2908, 0, 33, 247, 0, 507, -1227905
g3, 100, 3, 100, 500, dense_landmarks, random_enemymap, 0, 0, 0, 5, 471, 0, 2, 253, 0, 3, 277, 0, 90, -438999
g3, 100, 3, 100, 1250, dense_landmarks, random_enemymap, 25, 2835, 0, 23, 2787, 0, 22, 2634, 0, 18, 2042, 0, 73, -266702
g3, 100, 3, 100, 2000, dense_landmarks, random_enemymap, 42, 4290, 0, 40, 4249, 0, 39, 4124, 0, 42, 4213, 0, 56, -100124
g3, 100, 3, 1000, 500, dense_landmarks, random_enemymap, 0, 0, 0, 58, 418, 0, 28, 227, 0, 33, 247, 0, 883, -4295108
g3, 100, 3, 1000, 1250, dense_landmarks, random_enemymap, 229, 1884, 0, 217, 1743, 0, 222, 1795, 0, 33, 247, 0, 744, -3013331
g3, 100, 3, 1000, 2000, dense_landmarks, random_enemymap, 376, 3255, 0, 368, 3216, 0, 358, 3088, 0, 366, 3179, 0, 601, -1524262
g3, 100, 3, 100, 500, dense_landmarks, Quadmap, 0, 0, 0, 0, 476, 0, 0, 255, 0, 2, 278, 0, 98, -486991
g3, 100, 3, 100, 1250, dense_landmarks, Quadmap, 21, 2850, 0, 14, 2802, 0, 14, 2659, 0, 21, 2774, 0, 78, -308915
g3, 100, 3, 100, 2000, dense_landmarks, Quadmap, 36, 4364, 0, 30, 4331, 0, 30, 4203, 0, 37, 4288, 0, 63, -164814
g3, 100, 3, 1000, 500, dense_landmarks, Quadmap, 0, 0, 0, 0, 476, 0, 0, 255, 0, 22, 258, 0, 978, -4867011
g3, 100, 3, 1000, 1250, dense_landmarks, Quadmap, 0, 0, 0, 110, 2150, 0, 110, 2217, 0, 22, 258, 0, 890, -4203375
g3, 100, 3, 1000, 2000, dense_landmarks, Quadmap, 253, 3675, 0, 240, 3817, 0, 240, 3685, 0, 22, 258, 0, 747, -2968565
g3, 100, 3, 100, 500, dense_landmarks, Structures, 0, 0, 0, 13, 463, 0, 14, 241, 0, 1, 279, 0, 76, -351017
g3, 100, 3, 100, 1250, dense_landmarks, Structures, 35, 2780, 0, 35, 2715, 0, 31, 2565, 0, 31, 2697, 0, 65, -182243
g3, 100, 3, 100, 2000, dense_landmarks, Structures, 49, 4301, 0, 49, 4262, 0, 45, 4138, 0, 45, 4230, 0, 51, -50069
g3, 100, 3, 1000, 500, dense_landmarks, Structures, 0, 0, 0, 44, 432, 0, 41, 214, 0, 37, 243, 0, 890, -4327111
g3, 100, 3, 1000, 1250, dense_landmarks, Structures, 237, 2191, 0, 197, 2134, 0, 191, 1984, 0, 226, 2113, 0, 761, -2945578
g3, 100, 3, 1000, 2000, dense_landmarks, Structures, 350, 3168, 0, 319, 3152, 0, 313, 3022, 0, 340, 3105, 0, 648, -1905553
g3, 100, 3, 100, 500, dense_landmarks, Diagonal, 0, 0, 0, 3, 473, 0, 1, 254, 0, 2, 278, 0, 94, -462995
g3, 100, 3, 100, 1250, dense_landmarks, Diagonal, 67, 2712, 0, 21, 2458, 0, 54, 2503, 0, 2, 278, 0, 0, 151951
g3, 100, 3, 100, 2000, dense_landmarks, Diagonal, 67, 4350, 0, 21, 4150, 0, 54, 4196, 0, 2, 278, 0, 0, 156974
g3, 100, 3, 1000, 500, dense_landmarks, Diagonal, 0, 0, 0, 140, 336, 0, 23, 232, 0, 33, 247, 0, 808, -3843185
g3, 100, 3, 1000, 1250, dense_landmarks, Diagonal, 0, 0, 0, 286, 1664, 0, 23, 232, 0, 33, 247, 0, 714, -3225857
g3, 100, 3, 1000, 2000, dense_landmarks, Diagonal, 451, 3069, 0, 390, 2871, 0, 424, 2908, 0, 33, 247, 0, 507, -1227905
g3, 100, 16, 100, 500, sparse_landmarks, random_enemymap, 10, 829, 0, 8, 745, 0, 8, 640, 0, 5, 499, 0, 71, -321287
g3, 100, 16, 100, 1250, sparse_landmarks, random_enemymap, 93, 8938, 0, 87, 8507, 0, 89, 8527, 0, 86, 8356, 0, 7, 354328
g3, 100, 16, 100, 2000, sparse_landmarks, random_enemymap, 100, 9900, 0, 93, 9327, 0, 95, 9058, 0, 92, 9185, 0, 0, 417470
g3, 100, 16, 1000, 500, sparse_landmarks, random_enemymap, 85, 754, 0, 78, 675, 0, 57, 591, 0, 61, 443, 0, 741, -3421537
g3, 100, 16, 1000, 1250, sparse_landmarks, random_enemymap, 742, 6680, 0, 78, 675, 0, 57, 591, 0, 686, 6143, 0, 258, 287089
g3, 100, 16, 1000, 2000, sparse_landmarks, random_enemymap, 1000, 9000, 0, 78, 675, 0, 936, 8451, 0, 933, 8281, 0, 0, 2973407
g3, 100, 16, 100, 500, sparse_landmarks, Quadmap, 21, 818, 0, 4, 749, 0, 5, 643, 0, 0, 504, 0, 71, -322286
g3, 100, 16, 100, 1250, sparse_landmarks, Quadmap, 89, 9115, 0, 89, 8666, 0, 89, 7992, 0, 89, 8509, 0, 11, 335282
g3, 100, 16, 100, 2000, sparse_landmarks, Quadmap, 100, 9900, 0, 100, 9900, 0, 100, 9900, 0, 100, 9900, 0, 0, 439600
g3, 100, 16, 1000, 500, sparse_landmarks, Quadmap, 178, 661, 0, 64, 689, 0, 67, 581, 0, 0, 504, 0, 712, -3248565
g3, 100, 16, 1000, 1250, sparse_landmarks, Quadmap, 178, 661, 0, 556, 7695, 0, 556, 7059, 0, 556, 6889, 0, 444, -351696
g3, 100, 16, 1000, 2000, sparse_landmarks, Quadmap, 178, 661, 0, 854, 8821, 0, 854, 8821, 0, 854, 8821, 0, 146, 2037124
g3, 100, 16, 100, 500, sparse_landmarks, Structures, 18, 821, 0, 3, 750, 0, 1, 647, 0, 2, 502, 0, 78, -363280
g3, 100, 16, 100, 1250, sparse_landmarks, Structures, 98, 9002, 0, 93, 8582, 0, 97, 8536, 0, 92, 8423, 0, 2, 404543
g3, 100, 16, 100, 2000, sparse_landmarks, Structures, 100, 9900, 0, 95, 9325, 0, 89, 8609, 0, 94, 9183, 0, 0, 415017
g3, 100, 16, 1000, 500, sparse_landmarks, Structures, 114, 725, 0, 45, 708, 0, 47, 601, 0, 42, 462, 0, 771, -3604504
g3, 100, 16, 1000, 1250, sparse_landmarks, Structures, 760, 6819, 0, 750, 6794, 0, 776, 7021, 0, 776, 7021, 0, 224, 1969655
g3, 100, 16, 1000, 2000, sparse_landmarks, Structures, 1000, 9000, 0, 994, 8793, 0, 1000, 9000, 0, 932, 8425, 0, 0, 3961218
g3, 100, 16, 100, 500, sparse_landmarks, Diagonal, 1, 838, 0, 6, 747, 0, 1, 647, 0, 6, 498, 0, 86, -413270
g3, 100, 16, 100, 1250, sparse_landmarks, Diagonal, 1, 838, 0, 6, 747, 0, 1, 647, 0, 6, 498, 0, 86, -413270
g3, 100, 16, 100, 2000, sparse_landmarks, Diagonal, 100, 9900, 0, 100, 9320, 0, 100, 9900, 0, 100, 9313, 0, 0, 438433
g3, 100, 16, 1000, 500, sparse_landmarks, Diagonal, 71, 768, 0, 68, 685, 0, 54, 594, 0, 57, 447, 0, 768, -3587506
g3, 100, 16, 1000, 1250, sparse_landmarks, Diagonal, 71, 768, 0, 68, 685, 0, 54, 594, 0, 757, 6249, 0, 243, -256704
g3, 100, 16, 1000, 2000, sparse_landmarks, Diagonal, 71, 768, 0, 999, 8979, 0, 54, 594, 0, 950, 8364, 0, 1, 2087705
g3, 100, 16, 100, 500, dense_landmarks, random_enemymap, 10, 829, 0, 8, 745, 0, 8, 677, 0, 5, 499, 0, 71, -321250
g3, 100, 16, 100, 1250, dense_landmarks, random_enemymap, 93, 8938, 0, 87, 8507, 0, 89, 8527, 0, 86, 8356, 0, 7, 354328
g3, 100, 16, 100, 2000, dense_landmarks, random_enemymap, 100, 9900, 0, 93, 9327, 0, 95, 9058, 0, 92, 9185, 0, 0, 417470
g3, 100, 16, 1000, 500, dense_landmarks, random_enemymap, 85, 754, 0, 78, 675, 0, 61, 624, 0, 61, 443, 0, 741, -3417504
g3, 100, 16, 1000, 1250, dense_landmarks, random_enemymap, 742, 6680, 0, 78, 675, 0, 61, 624, 0, 686, 6143, 0, 258, 291122
g3, 100, 16, 1000, 2000, dense_landmarks, random_enemymap, 1000, 9000, 0, 78, 675, 0, 936, 8451, 0, 933, 8281, 0, 0, 2973407
g3, 100, 16, 100, 500, dense_landmarks, Quadmap, 21, 818, 0, 4, 749, 0, 5, 680, 0, 0, 504, 0, 71, -322249
g3, 100, 16, 100, 1250, dense_landmarks, Quadmap, 89, 9115, 0, 89, 8666, 0, 89, 7992, 0, 89, 8509, 0, 11, 335282
g3, 100, 16, 100, 2000, dense_landmarks, Quadmap, 100, 9900, 0, 100, 9900, 0, 100, 9900, 0, 100, 9900, 0, 0, 439600
g3, 100, 16, 1000, 500, dense_landmarks, Quadmap, 178, 661, 0, 64, 689, 0, 67, 618, 0, 0, 504, 0, 712, -3248528
g3, 100, 16, 1000, 1250, dense_landmarks, Quadmap, 178, 661, 0, 556, 7695, 0, 556, 7070, 0, 556, 6889, 0, 444, -351685
g3, 100, 16, 1000, 2000, dense_landmarks, Quadmap, 178, 661, 0, 854, 8821, 0, 854, 8821, 0, 854, 8821, 0, 146, 2037124
g3, 100, 16, 100, 500, dense_landmarks, Structures, 18, 821, 0, 3, 750, 0, 1, 684, 0, 2, 502, 0, 78, -363243
g3, 100, 16, 100, 1250, dense_landmarks, Structures, 98, 9002, 0, 93, 8582, 0, 97, 8536, 0, 92, 8423, 0, 2, 404543
g3, 100, 16, 100, 2000, dense_landmarks, Structures, 100, 9900, 0, 95, 9325, 0, 89, 8609, 0, 94, 9183, 0, 0, 415017
g3, 100, 16, 1000, 500, dense_landmarks, Structures, 117, 803, 0, 53, 728, 0, 47, 601, 0, 42, 462, 0, 771, -3593406
g3, 100, 16, 1000, 1250, dense_landmarks, Structures, 762, 6840, 0, 753, 6802, 0, 776, 7021, 0, 776, 7021, 0, 224, 1974684
g3, 100, 16, 1000, 2000, dense_landmarks, Structures, 1000, 9000, 0, 994, 8793, 0, 1000, 9000, 0, 932, 8425, 0, 0, 3961218
g3, 100, 16, 100, 500, dense_landmarks, Diagonal, 1, 838, 0, 6, 747, 0, 1, 684, 0, 6, 498, 0, 86, -413233
g3, 100, 16, 100, 1250, dense_landmarks, Diagonal, 1, 838, 0, 6, 747, 0, 1, 684, 0, 6, 498, 0, 86, -413233
g3, 100, 16, 100, 2000, dense_landmarks, Diagonal, 100, 9900, 0, 100, 9320, 0, 100, 9900, 0, 100, 9313, 0, 0, 438433
g3, 100, 16, 1000, 500, dense_landmarks, Diagonal, 71, 768, 0, 68, 685, 0, 57, 628, 0, 57, 447, 0, 768, -3584472
g3, 100, 16, 1000, 1250, dense_landmarks, Diagonal, 71, 768, 0, 68, 685, 0, 57, 628, 0, 757, 6249, 0, 243, -253670
g3, 100, 16, 1000, 2000, dense_landmarks, Diagonal, 71, 768, 0, 999, 8979, 0, 57, 628, 0, 950, 8364, 0, 1, 2090739
g3, 100, 25, 100, 500, sparse_landmarks, random_enemymap, 11, 991, 0, 11, 1102, 0, 12, 967, 0, 9, 1172, 0, 61, -257768
g3, 100, 25, 100, 1250, sparse_landmarks, random_enemymap, 100, 9885, 0, 96, 9643, 0, 95, 9261, 0, 93, 9466, 0, 0, 422255
g3, 100, 25, 100, 2000, sparse_landmarks, random_enemymap, 100, 9900, 0, 96, 9658, 0, 95, 9268, 0, 93, 9474, 0, 0, 422300
g3, 100, 25, 1000, 500, sparse_landmarks, random_enemymap, 97, 905, 0, 111, 1002, 0, 90, 889, 0, 140, 1041, 0, 607, -2593163
g3, 100, 25, 1000, 1250, sparse_landmarks, random_enemymap, 905, 8193, 0, 111, 1002, 0, 90, 889, 0, 816, 7422, 0, 95, 1464506
g3, 100, 25, 1000, 2000, sparse_landmarks, random_enemymap, 1000, 9000, 0, 1000, 9000, 0, 965, 8795, 0, 909, 8192, 0, 0, 3908987
g3, 100, 25, 100, 500, sparse_landmarks, Quadmap, 25, 977, 0, 12, 1101, 0, 5, 974, 0, 1, 1180, 0, 61, -257768
g3, 100, 25, 100, 1250, sparse_landmarks, Quadmap, 100, 9861, 0, 100, 9615, 0, 100, 9224, 0, 100, 9428, 0, 0, 438128
g3, 100, 25, 100, 2000, sparse_landmarks, Quadmap, 100, 9900, 0, 100, 9654, 0, 100, 9263, 0, 100, 9467, 0, 0, 438284
g3, 100, 25, 1000, 500, sparse_landmarks, Quadmap, 206, 796, 0, 157, 956, 0, 67, 912, 0, 8, 1173, 0, 599, -2553163
g3, 100, 25, 1000, 1250, sparse_landmarks, Quadmap, 206, 796, 0, 686, 8386, 0, 686, 8061, 0, 686, 7907, 0, 314, 719150
g3, 100, 25, 1000, 2000, sparse_landmarks, Quadmap, 206, 796, 0, 964, 8940, 0, 964, 8940, 0, 964, 8940, 0, 36, 2945616
g3, 100, 25, 100, 500, sparse_landmarks, Structures, 18, 984, 0, 11, 1102, 0, 7, 972, 0, 16, 1165, 0, 55, -218777
g3, 100, 25, 100, 1250, sparse_landmarks, Structures, 100, 9897, 0, 96, 9658, 0, 99, 9196, 0, 87, 9480, 0, 0, 420231
g3, 100, 25, 100, 2000, sparse_landmarks, Structures, 100, 9900, 0, 96, 9658, 0, 99, 9199, 0, 87, 9480, 0, 0, 420237
g3, 100, 25, 1000, 500, sparse_landmarks, Structures, 123, 879, 0, 85, 1028, 0, 90, 889, 0, 129, 1052, 0, 629, -2714152
g3, 100, 25, 1000, 1250, sparse_landmarks, Structures, 894, 8129, 0, 915, 8323, 0, 888, 8173, 0, 935, 8459, 0, 65, 3340084
g3, 100, 25, 1000, 2000, sparse_landmarks, Structures, 972, 8699, 0, 1000, 8974, 0, 958, 8717, 0, 970, 8738, 0, 0, 3935128
g3, 100, 25, 100, 500, sparse_landmarks, Diagonal, 1, 1001, 0, 9, 1104, 0, 1, 978, 0, 11, 1170, 0, 78, -363747
g3, 100, 25, 100, 1250, sparse_landmarks, Diagonal, 1, 1001, 0, 100, 9486, 0, 1, 978, 0, 100, 9286, 0, 0, 222751
g3, 100, 25, 100, 2000, sparse_landmarks, Diagonal, 100, 9881, 0, 100, 9654, 0, 100, 9900, 0, 100, 9467, 0, 0, 438902
g3, 100, 25, 1000, 500, sparse_landmarks, Diagonal, 81, 921, 0, 101, 1012, 0, 86, 893, 0, 117, 1064, 0, 648, -2851110
g3, 100, 25, 1000, 1250, sparse_landmarks, Diagonal, 81, 921, 0, 101, 1012, 0, 86, 893, 0, 855, 7464, 0, 143, 418290
g3, 100, 25, 1000, 2000, sparse_landmarks, Diagonal, 992, 8881, 0, 1000, 9000, 0, 950, 8548, 0, 963, 8635, 0, 0, 3940064
g3, 100, 25, 100, 500, dense_landmarks, random_enemymap, 11, 991, 0, 11, 1102, 0, 12, 1004, 0, 9, 1172, 0, 61, -257731
g3, 100, 25, 100, 1250, dense_landmarks, random_enemymap, 100, 9885, 0, 96, 9643, 0, 95, 9261, 0, 93, 9466, 0, 0, 422255
g3, 100, 25, 100, 2000, dense_landmarks, random_enemymap, 100, 9900, 0, 96, 9658, 0, 95, 9268, 0, 93, 9474, 0, 0, 422300
g3, 100, 25, 1000, 500, dense_landmarks, random_enemymap, 97, 905, 0, 111, 1002, 0, 94, 922, 0, 140, 1041, 0, 607, -2589130
g3, 100, 25, 1000, 1250, dense_landmarks, random_enemymap, 905, 8193, 0, 111, 1002, 0, 94, 922, 0, 816, 7422, 0, 95, 1468539
g3, 100, 25, 1000, 2000, dense_landmarks, random_enemymap, 1000, 9000, 0, 1000, 9000, 0, 965, 8795, 0, 909, 8192, 0, 0, 3908987
g3, 100, 25, 100, 500, dense_landmarks, Quadmap, 25, 977, 0, 12, 1101, 0, 5, 1011, 0, 1, 1180, 0, 61, -257731
g3, 100, 25, 100, 1250, dense_landmarks, Quadmap, 100, 9861, 0, 100, 9615, 0, 100, 9224, 0, 100, 9428, 0, 0, 438128
g3, 100, 25, 100, 2000, dense_landmarks, Quadmap, 100, 9900, 0, 100, 9654, 0, 100, 9263, 0, 100, 9467, 0, 0, 438284
g3, 100, 25, 1000, 500, dense_landmarks, Quadmap, 206, 796, 0, 157, 956, 0, 67, 949, 0, 8, 1173, 0, 599, -2553126
g3, 100, 25, 1000, 1250, dense_landmarks, Quadmap, 206, 796, 0, 686, 8386, 0, 686, 8061, 0, 686, 7907, 0, 314, 719150
g3, 100, 25, 1000, 2000, dense_landmarks, Quadmap, 206, 796, 0, 964, 8940, 0, 964, 8940, 0, 964, 8940, 0, 36, 2945616
g3, 100, 25, 100, 500, dense_landmarks, Structures, 18, 984, 0, 11, 1102, 0, 7, 1009, 0, 16, 1165, 0, 55, -218740
g3, 100, 25, 100, 1250, dense_landmarks, Structures, 100, 9897, 0, 96, 9658, 0, 99, 9196, 0, 87, 9480, 0, 0, 420231
g3, 100, 25, 100, 2000, dense_landmarks, Structures, 100, 9900, 0, 96, 9658, 0, 99, 9199, 0, 87, 9480, 0, 0, 420237
g3, 100, 25, 1000, 500, dense_landmarks, Structures, 126, 957, 0, 93, 1048, 0, 103, 913, 0, 129, 1052, 0, 629, -2690030
g3, 100, 25, 1000, 1250, dense_landmarks, Structures, 895, 8131, 0, 918, 8329, 0, 888, 8173, 0, 935, 8457, 0, 65, 3344090
g3, 100, 25, 1000, 2000, dense_landmarks, Structures, 972, 8699, 0, 1000, 8974, 0, 958, 8717, 0, 970, 8738, 0, 0, 3935128
g3, 100, 25, 100, 500, dense_landmarks, Diagonal, 1, 1001, 0, 9, 1104, 0, 1, 1015, 0, 11, 1170, 0, 78, -363710
g3, 100, 25, 100, 1250, dense_landmarks, Diagonal, 1, 1001, 0, 100, 9488, 0, 1, 1015, 0, 100, 9288, 0, 0, 222792
g3, 100, 25, 100, 2000, dense_landmarks, Diagonal, 100, 9881, 0, 100, 9654, 0, 100, 9900, 0, 100, 9467, 0, 0, 438902
g3, 100, 25, 1000, 500, dense_landmarks, Diagonal, 81, 921, 0, 101, 1012, 0, 89, 927, 0, 117, 1064, 0, 648, -2848076
g3, 100, 25, 1000, 1250, dense_landmarks, Diagonal, 81, 921, 0, 101, 1012, 0, 89, 927, 0, 855, 7464, 0, 143, 421324
g3, 100, 25, 1000, 2000, dense_landmarks, Diagonal, 992, 8881, 0, 1000, 9000, 0, 950, 8548, 0, 963, 8635, 0, 0, 3940064
g3, 100, 100, 100, 500, sparse_landmarks, random_enemymap, 45, 4121, 0, 28, 3215, 0, 46, 3699, 0, 30, 3490, 0, 12, 103525
g3, 100, 100, 100, 1250, sparse_landmarks, random_enemymap, 98, 9839, 0, 100, 9865, 0, 98, 9762, 0, 100, 9824, 0, 0, 435290
g3, 100, 100, 100, 2000, sparse_landmarks, random_enemymap, 98, 9839, 0, 100, 9865, 0, 98, 9762, 0, 100, 9824, 0, 0, 435290
g3, 100, 100, 1000, 500, sparse_landmarks, random_enemymap, 417, 3731, 0, 320, 2923, 0, 367, 3378, 0, 378, 3142, 0, 142, 785174
g3, 100, 100, 1000, 1250, sparse_landmarks, random_enemymap, 991, 8928, 0, 1000, 8982, 0, 989, 8902, 0, 995, 8932, 0, 0, 4010744
g3, 100, 100, 1000, 2000, sparse_landmarks, random_enemymap, 991, 8928, 0, 1000, 8982, 0, 989, 8902, 0, 995, 8932, 0, 0, 4010744
g3, 100, 100, 100, 500, sparse_landmarks, Quadmap, 69, 4027, 0, 29, 3214, 0, 33, 3712, 0, 17, 3503, 0, 10, 112456
g3, 100, 100, 100, 1250, sparse_landmarks, Quadmap, 100, 9837, 0, 100, 9865, 0, 100, 9795, 0, 98, 9833, 0, 0, 437330
g3, 100, 100, 100, 2000, sparse_landmarks, Quadmap, 100, 9837, 0, 100, 9865, 0, 100, 9795, 0, 98, 9833, 0, 0, 437330
g3, 100, 100, 1000, 500, sparse_landmarks, Quadmap, 644, 3452, 0, 330, 2913, 0, 315, 3430, 0, 206, 3314, 0, 97, 1023109
g3, 100, 100, 1000, 1250, sparse_landmarks, Quadmap, 644, 3452, 0, 974, 8963, 0, 973, 8951, 0, 927, 8880, 0, 26, 3418246
g3, 100, 100, 1000, 2000, sparse_landmarks, Quadmap, 1000, 9000, 0, 1000, 8998, 0, 1000, 8989, 0, 962, 8923, 0, 0, 3997910
g3, 100, 100, 100, 500, sparse_landmarks, Structures, 57, 4109, 0, 27, 3216, 0, 37, 3708, 0, 52, 3468, 0, 13, 122501
g3, 100, 100, 100, 1250, sparse_landmarks, Structures, 100, 9855, 0, 100, 9892, 0, 98, 9753, 0, 100, 9827, 0, 0, 437327
g3, 100, 100, 100, 2000, sparse_landmarks, Structures, 100, 9855, 0, 100, 9892, 0, 98, 9753, 0, 100, 9827, 0, 0, 437327
g3, 100, 100, 1000, 500, sparse_landmarks, Structures, 496, 3841, 0, 307, 2936, 0, 364, 3381, 0, 339, 3181, 0, 116, 939339
g3, 100, 100, 1000, 1250, sparse_landmarks, Structures, 993, 8867, 0, 994, 8968, 0, 996, 8967, 0, 996, 8950, 0, 0, 4014752
g3, 100, 100, 1000, 2000, sparse_landmarks, Structures, 993, 8867, 0, 994, 8968, 0, 996, 8967, 0, 996, 8950, 0, 0, 4014752
g3, 100, 100, 100, 500, sparse_landmarks, Diagonal, 1, 3867, 0, 25, 3218, 0, 85, 3660, 0, 28, 3492, 0, 14, 83237
g3, 100, 100, 100, 1250, sparse_landmarks, Diagonal, 59, 4037, 0, 25, 3218, 0, 85, 3660, 0, 28, 3492, 0, 0, 211407
g3, 100, 100, 100, 2000, sparse_landmarks, Diagonal, 100, 9844, 0, 100, 9890, 0, 100, 9817, 0, 100, 9831, 0, 0, 439382
g3, 100, 100, 1000, 500, sparse_landmarks, Diagonal, 341, 3527, 0, 287, 2956, 0, 411, 3334, 0, 407, 3113, 0, 136, 778930
g3, 100, 100, 1000, 1250, sparse_landmarks, Diagonal, 411, 3685, 0, 287, 2956, 0, 411, 3334, 0, 407, 3113, 0, 121, 924088
g3, 100, 100, 1000, 2000, sparse_landmarks, Diagonal, 993, 8945, 0, 1000, 8981, 0, 997, 8969, 0, 998, 8942, 0, 0, 4023837
g3, 100, 100, 100, 500, dense_landmarks, random_enemymap, 46, 4157, 0, 29, 3310, 0, 46, 3735, 0, 31, 3596, 0, 12, 106798
g3, 100, 100, 100, 1250, dense_landmarks, random_enemymap, 98, 9839, 0, 100, 9865, 0, 98, 9762, 0, 100, 9824, 0, 0, 435290
g3, 100, 100, 100, 2000, dense_landmarks, random_enemymap, 98, 9839, 0, 100, 9865, 0, 98, 9762, 0, 100, 9824, 0, 0, 435290
g3, 100, 100, 1000, 500, dense_landmarks, random_enemymap, 421, 3771, 0, 322, 2965, 0, 373, 3422, 0, 384, 3219, 0, 142, 803377
g3, 100, 100, 1000, 1250, dense_landmarks, random_enemymap, 991, 8928, 0, 1000, 8982, 0, 989, 8902, 0, 995, 8932, 0, 0, 4010744
g3, 100, 100, 1000, 2000, dense_landmarks, random_enemymap, 991, 8928, 0, 1000, 8982, 0, 989, 8902, 0, 995, 8932, 0, 0, 4010744
g3, 100, 100, 100, 500, dense_landmarks, Quadmap, 71, 4110, 0, 30, 3297, 0, 33, 3816, 0, 17, 3586, 0, 10, 115809
g3, 100, 100, 100, 1250, dense_landmarks, Quadmap, 100, 9837, 0, 100, 9865, 0, 100, 9795, 0, 98, 9833, 0, 0, 437330
g3, 100, 100, 100, 2000, dense_landmarks, Quadmap, 100, 9837, 0, 100, 9865, 0, 100, 9795, 0, 98, 9833, 0, 0, 437330
g3, 100, 100, 1000, 500, dense_landmarks, Quadmap, 647, 3458, 0, 330, 2951, 0, 315, 3490, 0, 206, 3397, 0, 97, 1026296
g3, 100, 100, 1000, 1250, dense_landmarks, Quadmap, 647, 3458, 0, 974, 8963, 0, 973, 8951, 0, 931, 8885, 0, 26, 3425257
g3, 100, 100, 1000, 2000, dense_landmarks, Quadmap, 1000, 9000, 0, 1000, 8998, 0, 1000, 8989, 0, 966, 8928, 0, 0, 4001915
g3, 100, 100, 100, 500, dense_landmarks, Structures, 57, 4142, 0, 27, 3266, 0, 37, 3744, 0, 52, 3551, 0, 13, 122703
g3, 100, 100, 100, 1250, dense_landmarks, Structures, 100, 9855, 0, 100, 9892, 0, 98, 9753, 0, 100, 9827, 0, 0, 437327
g3, 100, 100, 100, 2000, dense_landmarks, Structures, 100, 9855, 0, 100, 9892, 0, 98, 9753, 0, 100, 9827, 0, 0, 437327
g3, 100, 100, 1000, 500, dense_landmarks, Structures, 504, 3966, 0, 323, 3054, 0, 384, 3491, 0, 349, 3221, 0, 116, 993732
g3, 100, 100, 1000, 1250, dense_landmarks, Structures, 993, 8867, 0, 994, 8968, 0, 996, 8967, 0, 996, 8950, 0, 0, 4014752
g3, 100, 100, 1000, 2000, dense_landmarks, Structures, 993, 8867, 0, 994, 8968, 0, 996, 8967, 0, 996, 8950, 0, 0, 4014752
g3, 100, 100, 100, 500, dense_landmarks, Diagonal, 1, 3918, 0, 25, 3268, 0, 85, 3696, 0, 28, 3575, 0, 14, 83457
g3, 100, 100, 100, 1250, dense_landmarks, Diagonal, 59, 4088, 0, 25, 3268, 0, 85, 3696, 0, 28, 3575, 0, 0, 211627
g3, 100, 100, 100, 2000, dense_landmarks, Diagonal, 100, 9844, 0, 100, 9890, 0, 100, 9817, 0, 100, 9831, 0, 0, 439382
g3, 100, 100, 1000, 500, dense_landmarks, Diagonal, 342, 3540, 0, 293, 3048, 0, 425, 3457, 0, 411, 3159, 0, 136, 804204
g3, 100, 100, 1000, 1250, dense_landmarks, Diagonal, 412, 3698, 0, 293, 3048, 0, 425, 3457, 0, 411, 3159, 0, 121, 949362
g3, 100, 100, 1000, 2000, dense_landmarks, Diagonal, 993, 8945, 0, 1000, 8981, 0, 997, 8969, 0, 998, 8942, 0, 0, 4023837
g4, 100, 1, 100, 500, sparse_landmarks, random_enemymap, 0, 0, 0, 0, 0, 0, 2, 250, 0, 0, 0, 0, 98, -487750
g4, 100, 1, 100, 1250, sparse_landmarks, random_enemymap, 0, 0, 0, 0, 0, 0, 2, 250, 0, 0, 0, 0, 98, -487750
g4, 100, 1, 100, 2000, sparse_landmarks, random_enemymap, 0, 0, 0, 0, 0, 0, 2, 250, 0, 0, 0, 0, 98, -487750
g4, 100, 1, 1000, 500, sparse_landmarks, random_enemymap, 0, 0, 0, 0, 0, 0, 30, 222, 0, 0, 0, 0, 970, -4819778
g4, 100, 1, 1000, 1250, sparse_landmarks, random_enemymap, 0, 0, 0, 0, 0, 0, 30, 222, 0, 0, 0, 0, 970, -4819778
g4, 100, 1, 1000, 2000, sparse_landmarks, random_enemymap, 0, 0, 0, 0, 0, 0, 30, 222, 0, 0, 0, 0, 970, -4819778
g4, 100, 1, 100, 500, sparse_landmarks, Quadmap, 0, 0, 0, 0, 0, 0, 0, 252, 0, 0, 0, 0, 100, -499748
g4, 100, 1, 100, 1250, sparse_landmarks, Quadmap, 0, 0, 0, 0, 0, 0, 0, 252, 0, 0, 0, 0, 100, -499748
g4, 100, 1, 100, 2000, sparse_landmarks, Quadmap, 0, 0, 0, 0, 0, 0, 0, 252, 0, 0, 0, 0, 100, -499748
g4, 100, 1, 1000, 500, sparse_landmarks, Quadmap, 0, 0, 0, 0, 0, 0, 0, 252, 0, 0, 0, 0, 1000, -4999748
g4, 100, 1, 1000, 1250, sparse_landmarks, Quadmap, 0, 0, 0, 0, 0, 0, 0, 252, 0, 0, 0, 0, 1000, -4999748
g4, 100, 1, 1000, 2000, sparse_landmarks, Quadmap, 0, 0, 0, 0, 0, 0, 0, 252, 0, 0, 0, 0, 1000, -4999748
g4, 100, 1, 100, 500, sparse_landmarks, Structures, 0, 0, 0, 0, 0, 0, 15, 237, 0, 0, 0, 0, 85, -409763
g4, 100, 1, 100, 1250, sparse_landmarks, Structures, 0, 0, 0, 0, 0, 0, 15, 237, 0, 0, 0, 0, 85, -409763
g4, 100, 1, 100, 2000, sparse_landmarks, Structures, 0, 0, 0, 0, 0, 0, 15, 237, 0, 0, 0, 0, 85, -409763
g4, 100, 1, 1000, 500, sparse_landmarks, Structures, 0, 0, 0, 0, 0, 0, 52, 200, 0, 0, 0, 0, 948, -4687800
g4, 100, 1, 1000, 1250, sparse_landmarks, Structures, 0, 0, 0, 0, 0, 0, 52, 200, 0, 0, 0, 0, 948, -4687800
g4, 100, 1, 1000, 2000, sparse_landmarks, Structures, 0, 0, 0, 0, 0, 0, 52, 200, 0, 0, 0, 0, 948, -4687800
g4, 100, 1, 100, 500, sparse_landmarks, Diagonal, 0, 0, 0, 0, 0, 0, 1, 251, 0, 0, 0, 0, 99, -493749
g4, 100, 1, 100, 1250, sparse_landmarks, Diagonal, 0, 0, 0, 0, 0, 0, 1, 251, 0, 0, 0, 0, 99, -493749
g4, 100, 1, 100, 2000, sparse_landmarks, Diagonal, 0, 0, 0, 0, 0, 0, 1, 251, 0, 0, 0, 0, 99, -493749
g4, 100, 1, 1000, 500, sparse_landmarks, Diagonal, 0, 0, 0, 0, 0, 0, 23, 229, 0, 0, 0, 0, 977, -4861771
g4, 100, 1, 1000, 1250, sparse_landmarks, Diagonal, 0, 0, 0, 0, 0, 0, 23, 229, 0, 0, 0, 0, 977, -4861771
g4, 100, 1, 1000, 2000, sparse_landmarks, Diagonal, 0, 0, 0, 0, 0, 0, 23, 229, 0, 0, 0, 0, 977, -4861771
g4, 100, 1, 100, 500, dense_landmarks, random_enemymap, 0, 0, 0, 0, 0, 0, 2, 250, 0, 0, 0, 0, 98, -487750
g4, 100, 1, 100, 1250, dense_landmarks, random_enemymap, 0, 0, 0, 0, 0, 0, 2, 250, 0, 0, 0, 0, 98, -487750
g4, 100, 1, 100, 2000, dense_landmarks, random_enemymap, 0, 0, 0, 0, 0, 0, 2, 250, 0, 0, 0, 0, 98, -487750
g4, 100, 1, 1000, 500, dense_landmarks, random_enemymap, 0, 0, 0, 0, 0, 0, 30, 222, 0, 0, 0, 0, 970, -4819778
g4, 100, 1, 1000, 1250, dense_landmarks, random_enemymap, 0, 0, 0, 0, 0, 0, 30, 222, 0, 0, 0, 0, 970, -4819778
g4, 100, 1, 1000, 2000, dense_landmarks, random_enemymap, 0, 0, 0, 0, 0, 0, 30, 222, 0, 0, 0, 0, 970, -4819778
g4, 100, 1, 100, 500, dense_landmarks, Quadmap, 0, 0, 0, 0, 0, 0, 0, 252, 0, 0, 0, 0, 100, -499748
g4, 100, 1, 100, 1250, dense_landmarks, Quadmap, 0, 0, 0, 0, 0, 0, 0, 252, 0, 0, 0, 0, 100, -499748
g4, 100, 1, 100, 2000, dense_landmarks, Quadmap, 0, 0, 0, 0, 0, 0, 0, 252, 0, 0, 0, 0, 100, -499748
g4, 100, 1, 1000, 500, dense_landmarks, Quadmap, 0, 0, 0, 0, 0, 0, 0, 252, 0, 0, 0, 0, 1000, -4999748
g4, 100, 1, 1000, 1250, dense_landmarks, Quadmap, 0, 0, 0, 0, 0, 0, 0, 252, 0, 0, 0, 0, 1000, -4999748
g4, 100, 1, 1000, 2000, dense_landmarks, Quadmap, 0, 0, 0, 0, 0, 0, 0, 252, 0, 0, 0, 0, 1000, -4999748
g4, 100, 1, 100, 500, dense_landmarks, Structures, 0, 0, 0, 0, 0, 0, 15, 237, 0, 0, 0, 0, 85, -409763
g4, 100, 1, 100, 1250, dense_landmarks, Structures, 0, 0, 0, 0, 0, 0, 15, 237, 0, 0, 0, 0, 85, -409763
g4, 100, 1, 100, 2000, dense_landmarks, Structures, 0, 0, 0, 0, 0, 0, 15, 237, 0, 0, 0, 0, 85, -409763
g4, 100, 1, 1000, 500, dense_landmarks, Structures, 0, 0, 0, 0, 0, 0, 52, 200, 0, 0, 0, 0, 948, -4687800
g4, 100, 1, 1000, 1250, dense_landmarks, Structures, 0, 0, 0, 0, 0, 0, 52, 200, 0, 0, 0, 0, 948, -4687800
g4, 100, 1, 1000, 2000, dense_landmarks, Structures, 0, 0, 0, 0, 0, 0, 52, 200, 0, 0, 0, 0, 948, -4687800
g4, 100, 1, 100, 500, dense_landmarks, Diagonal, 0, 0, 0, 0, 0, 0, 1, 251, 0, 0, 0, 0, 99, -493749
g4, 100, 1, 100, 1250, dense_landmarks, Diagonal, 0, 0, 0, 0, 0, 0, 1, 251, 0, 0, 0, 0, 99, -493749
g4, 100, 1, 100, 2000, dense_landmarks, Diagonal, 0, 0, 0, 0, 0, 0, 1, 251, 0, 0, 0, 0, 99, -493749
g4, 100, 1, 1000, 500, dense_landmarks, Diagonal, 0, 0, 0, 0, 0, 0, 23, 229, 0, 0, 0, 0, 977, -4861771
g4, 100, 1, 1000, 1250, dense_landmarks, Diagonal, 0, 0, 0, 0, 0, 0, 23, 229, 0, 0, 0, 0, 977, -4861771
g4, 100, 1, 1000, 2000, dense_landmarks, Diagonal, 0, 0, 0, 0, 0, 0, 23, 229, 0, 0, 0, 0, 977, -4861771
g4, 100, 3, 100, 500, sparse_landmarks, random_enemymap, 0, 0, 0, 0, 347, 0, 2, 250, 0, 2, 302, 0, 96, -475101
g4, 100, 3, 100, 1250, sparse_landmarks, random_enemymap, 0, 0, 0, 7, 1477, 0, 17, 2084, 0, 16, 2041, 0, 76, -334398
g4, 100, 3, 100, 2000, sparse_landmarks, random_enemymap, 0, 0, 0, 13, 2187, 0, 23, 1888, 0, 18, 2170, 0, 46, -169755
g4, 100, 3, 1000, 500, sparse_landmarks, random_enemymap, 0, 0, 0, 40, 307, 0, 30, 222, 0, 27, 277, 0, 903, -4417194
g4, 100, 3, 1000, 1250, sparse_landmarks, random_enemymap, 0, 0, 0, 40, 307, 0, 149, 1234, 0, 104, 1002, 0, 747, -3439457
g4, 100, 3, 1000, 2000, sparse_landmarks, random_enemymap, 0, 0, 0, 187, 1471, 0, 133, 1263, 0, 157, 1552, 0, 558, -2308714
g4, 100, 3, 100, 500, sparse_landmarks, Quadmap, 0, 0, 0, 7, 340, 0, 0, 252, 0, 0, 304, 0, 93, -457104
g4, 100, 3, 100, 1250, sparse_landmarks, Quadmap, 0, 0, 0, 7, 1477, 0, 6, 2095, 0, 6, 2051, 0, 87, -410377
g4, 100, 3, 100, 2000, sparse_landmarks, Quadmap, 0, 0, 0, 7, 2193, 0, 0, 2033, 0, 24, 2170, 0, 76, -342604
g4, 100, 3, 1000, 500, sparse_landmarks, Quadmap, 0, 0, 0, 80, 267, 0, 0, 252, 0, 1, 303, 0, 919, -4513178
g4, 100, 3, 1000, 1250, sparse_landmarks, Quadmap, 0, 0, 0, 80, 267, 0, 81, 1501, 0, 90, 920, 0, 829, -3891312
g4, 100, 3, 1000, 2000, sparse_landmarks, Quadmap, 0, 0, 0, 81, 2119, 0, 1, 2032, 0, 191, 1429, 0, 741, -3426420
g4, 100, 3, 100, 500, sparse_landmarks, Structures, 0, 0, 0, 6, 532, 0, 15, 237, 0, 9, 295, 0, 70, -318936
g4, 100, 3, 100, 1250, sparse_landmarks, Structures, 0, 0, 0, 19, 1289, 0, 39, 1969, 0, 40, 1917, 0, 51, -151825
g4, 100, 3, 100, 2000, sparse_landmarks, Structures, 0, 0, 0, 20, 2196, 0, 18, 1917, 0, 43, 2130, 0, 28, -52757
g4, 100, 3, 1000, 500, sparse_landmarks, Structures, 0, 0, 0, 10, 337, 0, 52, 200, 0, 37, 267, 0, 901, -4405196
g4, 100, 3, 1000, 1250, sparse_landmarks, Structures, 0, 0, 0, 78, 1063, 0, 85, 771, 0, 138, 969, 0, 715, -3271197
g4, 100, 3, 1000, 2000, sparse_landmarks, Structures, 0, 0, 0, 139, 1735, 0, 173, 1445, 0, 203, 1528, 0, 513, -2045292
g4, 100, 3, 100, 500, sparse_landmarks, Diagonal, 0, 0, 0, 3, 344, 0, 1, 251, 0, 3, 301, 0, 93, -457104
g4, 100, 3, 100, 1250, sparse_landmarks, Diagonal, 0, 0, 0, 10, 1283, 0, 1, 251, 0, 8, 1217, 0, 83, -393249
g4, 100, 3, 100, 2000, sparse_landmarks, Diagonal, 0, 0, 0, 54, 3548, 0, 55, 3229, 0, 13, 2211, 0, 35, -44012
g4, 100, 3, 1000, 500, sparse_landmarks, Diagonal, 0, 0, 0, 36, 311, 0, 23, 229, 0, 34, 99, 0, 907, -4441361
g4, 100, 3, 1000, 1250, sparse_landmarks, Diagonal, 0, 0, 0, 36, 311, 0, 23, 229, 0, 95, 872, 0, 846, -4074588
g4, 100, 3, 1000, 2000, sparse_landmarks, Diagonal, 0, 0, 0, 197, 1287, 0, 157, 1158, 0, 152, 1496, 0, 524, -2110059
g4, 100, 3, 100, 500, dense_landmarks, random_enemymap, 0, 0, 0, 0, 370, 0, 2, 250, 0, 2, 302, 0, 96, -475078
g4, 100, 3, 100, 1250, dense_landmarks, random_enemymap, 0, 0, 0, 27, 3114, 0, 25, 2960, 0, 24, 2950, 0, 72, -274976
g4, 100, 3, 100, 2000, dense_landmarks, random_enemymap, 0, 0, 0, 38, 3772, 0, 36, 3579, 0, 18, 2170, 0, 45, -123479
g4, 100, 3, 1000, 500, dense_landmarks, random_enemymap, 0, 0, 0, 40, 307, 0, 30, 222, 0, 27, 277, 0, 903, -4417194
g4, 100, 3, 1000, 1250, dense_landmarks, random_enemymap, 0, 0, 0, 119, 915, 0, 77, 738, 0, 104, 1002, 0, 715, -3272345
g4, 100, 3, 1000, 2000, dense_landmarks, random_enemymap, 0, 0, 0, 288, 2495, 0, 254, 2338, 0, 157, 1552, 0, 562, -2104615
g4, 100, 3, 100, 500, dense_landmarks, Quadmap, 0, 0, 0, 5, 359, 0, 0, 252, 0, 0, 304, 0, 95, -469085
g4, 100, 3, 100, 1250, dense_landmarks, Quadmap, 0, 0, 0, 0, 2114, 0, 6, 2979, 0, 6, 2968, 0, 94, -449939
g4, 100, 3, 100, 2000, dense_landmarks, Quadmap, 0, 0, 0, 0, 2080, 0, 0, 2033, 0, 24, 2170, 0, 76, -349717
g4, 100, 3, 1000, 500, dense_landmarks, Quadmap, 0, 0, 0, 80, 267, 0, 0, 252, 0, 1, 303, 0, 919, -4513178
g4, 100, 3, 1000, 1250, dense_landmarks, Quadmap, 0, 0, 0, 10, 2104, 0, 1, 1947, 0, 90, 920, 0, 900, -4394029
g4, 100, 3, 1000, 2000, dense_landmarks, Quadmap, 0, 0, 0, 1, 2079, 0, 1, 2032, 0, 191, 1429, 0, 808, -3841460
g4, 100, 3, 100, 500, dense_landmarks, Structures, 0, 0, 0, 2, 368, 0, 15, 237, 0, 9, 295, 0, 74, -343100
g4, 100, 3, 100, 1250, dense_landmarks, Structures, 0, 0, 0, 35, 1875, 0, 44, 2819, 0, 45, 2797, 0, 48, -108509
g4, 100, 3, 100, 2000, dense_landmarks, Structures, 0, 0, 0, 37, 3731, 0, 31, 3608, 0, 43, 2130, 0, 26, -9531
g4, 100, 3, 1000, 500, dense_landmarks, Structures, 0, 0, 0, 7, 363, 0, 52, 200, 0, 37, 267, 0, 904, -4423170
g4, 100, 3, 1000, 1250, dense_landmarks, Structures, 0, 0, 0, 123, 923, 0, 85, 771, 0, 138, 969, 0, 672, -3011337
g4, 100, 3, 1000, 2000, dense_landmarks, Structures, 0, 0, 0, 316, 2768, 0, 309, 2628, 0, 203, 1528, 0, 494, -1635076
g4, 100, 3, 100, 500, dense_landmarks, Diagonal, 0, 0, 0, 2, 368, 0, 1, 251, 0, 3, 301, 0, 94, -463080
g4, 100, 3, 100, 1250, dense_landmarks, Diagonal, 0, 0, 0, 20, 1781, 0, 1, 251, 0, 8, 1217, 0, 75, -342751
g4, 100, 3, 100, 2000, dense_landmarks, Diagonal, 0, 0, 0, 52, 3402, 0, 52, 3237, 0, 13, 2211, 0, 35, -49150
g4, 100, 3, 1000, 500, dense_landmarks, Diagonal, 0, 0, 0, 36, 311, 0, 23, 229, 0, 34, 99, 0, 907, -4441361
g4, 100, 3, 1000, 1250, dense_landmarks, Diagonal, 0, 0, 0, 200, 1329, 0, 23, 229, 0, 95, 872, 0, 709, -3224570
g4, 100, 3, 1000, 2000, dense_landmarks, Diagonal, 0, 0, 0, 314, 2490, 0, 267, 2383, 0, 152, 1496, 0, 519, -1855631
g4, 100, 16, 100, 500, sparse_landmarks, random_enemymap, 17, 1410, 0, 8, 926, 0, 3, 332, 0, 18, 1177, 0, 67, -285155
g4, 100, 16, 100, 1250, sparse_landmarks, random_enemymap, 92, 9315, 0, 93, 9341, 0, 82, 7893, 0, 93, 9274, 0, 3, 380823
g4, 100, 16, 100, 2000, sparse_landmarks, random_enemymap, 100, 9900, 0, 100, 9900, 0, 100, 9900, 0, 100, 9900, 0, 0, 439600
g4, 100, 16, 1000, 500, sparse_landmarks, random_enemymap, 96, 894, 0, 107, 812, 0, 38, 297, 0, 71, 574, 0, 707, -3220423
g4, 100, 16, 1000, 1250, sparse_landmarks, random_enemymap, 723, 6334, 0, 714, 6360, 0, 745, 6594, 0, 753, 6501, 0, 147, 2225789
g4, 100, 16, 1000, 2000, sparse_landmarks, random_enemymap, 1000, 9000, 0, 1000, 9000, 0, 933, 8322, 0, 1000, 9000, 0, 0, 3968322
g4, 100, 16, 100, 500, sparse_landmarks, Quadmap, 29, 1398, 0, 7, 927, 0, 0, 335, 0, 22, 1173, 0, 67, -273167
g4, 100, 16, 100, 1250, sparse_landmarks, Quadmap, 95, 9317, 0, 88, 9402, 0, 53, 6986, 0, 88, 9267, 0, 5, 333972
g4, 100, 16, 100, 2000, sparse_landmarks, Quadmap, 100, 9900, 0, 100, 9900, 0, 100, 9900, 0, 100, 9900, 0, 0, 439600
g4, 100, 16, 1000, 500, sparse_landmarks, Quadmap, 203, 687, 0, 81, 853, 0, 0, 335, 0, 30, 615, 0, 703, -3198510
g4, 100, 16, 1000, 1250, sparse_landmarks, Quadmap, 629, 7248, 0, 496, 7673, 0, 292, 5437, 0, 496, 7154, 0, 371, 85512
g4, 100, 16, 1000, 2000, sparse_landmarks, Quadmap, 977, 8968, 0, 946, 8938, 0, 946, 8938, 0, 946, 8938, 0, 23, 3735782
g4, 100, 16, 100, 500, sparse_landmarks, Structures, 19, 1246, 0, 16, 915, 0, 16, 319, 0, 20, 1175, 0, 51, -180345
g4, 100, 16, 100, 1250, sparse_landmarks, Structures, 98, 8751, 0, 93, 9408, 0, 90, 8103, 0, 92, 9345, 0, 0, 408607
g4, 100, 16, 100, 2000, sparse_landmarks, Structures, 100, 9900, 0, 100, 9900, 0, 100, 9900, 0, 100, 9900, 0, 0, 439600
g4, 100, 16, 1000, 500, sparse_landmarks, Structures, 106, 869, 0, 42, 847, 0, 62, 273, 0, 65, 580, 0, 744, -3442431
g4, 100, 16, 1000, 1250, sparse_landmarks, Structures, 761, 7116, 0, 782, 7176, 0, 797, 7193, 0, 767, 7055, 0, 100, 2635540
g4, 100, 16, 1000, 2000, sparse_landmarks, Structures, 1000, 9000, 0, 1000, 9000, 0, 1000, 8990, 0, 1000, 9000, 0, 0, 4035990
g4, 100, 16, 100, 500, sparse_landmarks, Diagonal, 17, 843, 0, 8, 926, 0, 1, 334, 0, 5, 640, 0, 72, -326257
g4, 100, 16, 100, 1250, sparse_landmarks, Diagonal, 100, 6738, 0, 86, 8304, 0, 86, 7316, 0, 2, 367, 0, 0, 296725
g4, 100, 16, 100, 2000, sparse_landmarks, Diagonal, 100, 9885, 0, 5, 592, 0, 85, 9124, 0, 2, 367, 0, 0, 211968
g4, 100, 16, 1000, 500, sparse_landmarks, Diagonal, 95, 795, 0, 143, 786, 0, 28, 323, 0, 69, 406, 0, 685, -3087690
g4, 100, 16, 1000, 1250, sparse_landmarks, Diagonal, 576, 4916, 0, 646, 5301, 0, 545, 4560, 0, 628, 5107, 0, 194, 1444884
g4, 100, 16, 1000, 2000, sparse_landmarks, Diagonal, 996, 8989, 0, 971, 8642, 0, 780, 6763, 0, 949, 8323, 0, 0, 3728717
g4, 100, 16, 100, 500, dense_landmarks, random_enemymap, 10, 1149, 0, 18, 1296, 0, 3, 332, 0, 13, 1520, 0, 64, -271703
g4, 100, 16, 100, 1250, dense_landmarks, random_enemymap, 93, 9364, 0, 97, 9547, 0, 93, 9253, 0, 92, 9260, 0, 1, 407424
g4, 100, 16, 100, 2000, dense_landmarks, random_enemymap, 1, 191, 0, 100, 9900, 0, 100, 9900, 0, 100, 9900, 0, 0, 330891
g4, 100, 16, 1000, 500, dense_landmarks, random_enemymap, 100, 950, 0, 131, 946, 0, 38, 297, 0, 85, 865, 0, 674, -3012942
g4, 100, 16, 1000, 1250, dense_landmarks, random_enemymap, 776, 6876, 0, 782, 6967, 0, 796, 7086, 0, 764, 6787, 0, 126, 2515716
g4, 100, 16, 1000, 2000, dense_landmarks, random_enemymap, 822, 7226, 0, 999, 8999, 0, 998, 8999, 0, 999, 9000, 0, 0, 3852224
g4, 100, 16, 100, 500, dense_landmarks, Quadmap, 29, 1159, 0, 5, 1223, 0, 0, 335, 0, 15, 1419, 0, 63, -261864
g4, 100, 16, 100, 1250, dense_landmarks, Quadmap, 100, 9417, 0, 90, 9430, 0, 90, 8392, 0, 90, 9271, 0, 0, 406510
g4, 100, 16, 100, 2000, dense_landmarks, Quadmap, 100, 9440, 0, 100, 9900, 0, 100, 9900, 0, 100, 9900, 0, 0, 439140
g4, 100, 16, 1000, 500, dense_landmarks, Quadmap, 234, 855, 0, 81, 1145, 0, 0, 335, 0, 63, 843, 0, 655, -2893822
g4, 100, 16, 1000, 1250, dense_landmarks, Quadmap, 771, 8011, 0, 628, 8177, 0, 327, 5683, 0, 628, 7835, 0, 225, 1258706
g4, 100, 16, 1000, 2000, dense_landmarks, Quadmap, 996, 8977, 0, 1000, 8998, 0, 1000, 8998, 0, 1000, 8998, 0, 0, 4031971
g4, 100, 16, 100, 500, dense_landmarks, Structures, 19, 1011, 0, 21, 1165, 0, 16, 319, 0, 21, 1512, 0, 45, -143993
g4, 100, 16, 100, 1250, dense_landmarks, Structures, 99, 9344, 0, 94, 9538, 0, 93, 9301, 0, 93, 9310, 0, 0, 416493
g4, 100, 16, 100, 2000, dense_landmarks, Structures, 100, 9890, 0, 100, 9898, 0, 100, 9900, 0, 100, 9900, 0, 0, 439588
g4, 100, 16, 1000, 500, dense_landmarks, Structures, 100, 898, 0, 94, 925, 0, 62, 273, 0, 109, 847, 0, 690, -3082057
g4, 100, 16, 1000, 1250, dense_landmarks, Structures, 805, 7406, 0, 783, 7495, 0, 807, 7475, 0, 786, 7289, 0, 66, 2880665
g4, 100, 16, 1000, 2000, dense_landmarks, Structures, 999, 8987, 0, 1000, 9000, 0, 848, 8155, 0, 1000, 9000, 0, 0, 3882142
g4, 100, 16, 100, 500, dense_landmarks, Diagonal, 1, 1029, 0, 7, 1199, 0, 1, 334, 0, 5, 1124, 0, 89, -427314
g4, 100, 16, 100, 1250, dense_landmarks, Diagonal, 100, 8272, 0, 95, 8736, 0, 95, 8303, 0, 95, 8526, 0, 0, 418837
g4, 100, 16, 100, 2000, dense_landmarks, Diagonal, 100, 9510, 0, 100, 9900, 0, 100, 9900, 0, 100, 9900, 0, 0, 439210
g4, 100, 16, 1000, 500, dense_landmarks, Diagonal, 105, 996, 0, 164, 921, 0, 28, 323, 0, 88, 716, 0, 643, -2827044
g4, 100, 16, 1000, 1250, dense_landmarks, Diagonal, 675, 6039, 0, 706, 6182, 0, 584, 5390, 0, 686, 6114, 0, 176, 1794725
g4, 100, 16, 1000, 2000, dense_landmarks, Diagonal, 794, 6937, 0, 998, 8994, 0, 945, 8440, 0, 959, 8566, 0, 0, 3728937
g4, 100, 25, 100, 500, sparse_landmarks, random_enemymap, 22, 2155, 0, 21, 2101, 0, 20, 1317, 0, 27, 2026, 0, 57, -187401
g4, 100, 25, 100, 1250, sparse_landmarks, random_enemymap, 99, 9756, 0, 100, 9763, 0, 89, 9008, 0, 99, 9760, 0, 0, 425287
g4, 100, 25, 100, 2000, sparse_landmarks, random_enemymap, 100, 9900, 0, 100, 9900, 0, 100, 9900, 0, 100, 9900, 0, 0, 439600
g4, 100, 25, 1000, 500, sparse_landmarks, random_enemymap, 129, 1206, 0, 119, 988, 0, 126, 1090, 0, 101, 855, 0, 612, -2580861
g4, 100, 25, 1000, 1250, sparse_landmarks, random_enemymap, 925, 8301, 0, 943, 8503, 0, 933, 8329, 0, 950, 8411, 0, 20, 3684544
g4, 100, 25, 1000, 2000, sparse_landmarks, random_enemymap, 1000, 9000, 0, 1000, 9000, 0, 1000, 9000, 0, 1000, 9000, 0, 0, 4036000
g4, 100, 25, 100, 500, sparse_landmarks, Quadmap, 36, 2141, 0, 30, 2310, 0, 8, 1329, 0, 24, 2029, 0, 59, -189191
g4, 100, 25, 100, 1250, sparse_landmarks, Quadmap, 100, 9814, 0, 97, 9823, 0, 44, 8200, 0, 97, 9772, 0, 0, 375609
g4, 100, 25, 100, 2000, sparse_landmarks, Quadmap, 100, 9900, 0, 100, 9900, 0, 100, 9900, 0, 100, 9900, 0, 0, 439600
g4, 100, 25, 1000, 500, sparse_landmarks, Quadmap, 272, 921, 0, 81, 1327, 0, 87, 1250, 0, 62, 1465, 0, 623, -2608037
g4, 100, 25, 1000, 1250, sparse_landmarks, Quadmap, 779, 8547, 0, 691, 8570, 0, 236, 6857, 0, 693, 8437, 0, 218, 1341411
g4, 100, 25, 1000, 2000, sparse_landmarks, Quadmap, 1000, 9000, 0, 1000, 9000, 0, 1000, 9000, 0, 1000, 9000, 0, 0, 4036000
g4, 100, 25, 100, 500, sparse_landmarks, Structures, 31, 2032, 0, 36, 1975, 0, 18, 1319, 0, 31, 2022, 0, 50, -126652
g4, 100, 25, 100, 1250, sparse_landmarks, Structures, 100, 9823, 0, 100, 9900, 0, 100, 9823, 0, 100, 9823, 0, 0, 439369
g4, 100, 25, 100, 2000, sparse_landmarks, Structures, 100, 9900, 0, 100, 9900, 0, 100, 9900, 0, 100, 9900, 0, 0, 439600
g4, 100, 25, 1000, 500, sparse_landmarks, Structures, 133, 1256, 0, 86, 1360, 0, 180, 1036, 0, 122, 1315, 0, 629, -2619033
g4, 100, 25, 1000, 1250, sparse_landmarks, Structures, 928, 8409, 0, 933, 8320, 0, 963, 8383, 0, 937, 8295, 0, 4, 3774407
g4, 100, 25, 1000, 2000, sparse_landmarks, Structures, 1000, 9000, 0, 1000, 9000, 0, 1000, 9000, 0, 1000, 9000, 0, 0, 4036000
g4, 100, 25, 100, 500, sparse_landmarks, Diagonal, 23, 1232, 0, 8, 1590, 0, 3, 1334, 0, 8, 1519, 0, 63, -267325
g4, 100, 25, 100, 1250, sparse_landmarks, Diagonal, 100, 9467, 0, 94, 8563, 0, 100, 9482, 0, 97, 8864, 0, 0, 427376
g4, 100, 25, 100, 2000, sparse_landmarks, Diagonal, 1, 848, 0, 5, 816, 0, 100, 9897, 0, 5, 818, 0, 0, 123379
g4, 100, 25, 1000, 500, sparse_landmarks, Diagonal, 122, 1133, 0, 153, 953, 0, 121, 1229, 0, 110, 806, 0, 596, -2469879
g4, 100, 25, 1000, 1250, sparse_landmarks, Diagonal, 699, 6226, 0, 784, 6842, 0, 749, 6471, 0, 839, 7165, 0, 60, 2797704
g4, 100, 25, 1000, 2000, sparse_landmarks, Diagonal, 1000, 9000, 0, 1000, 8997, 0, 1000, 9000, 0, 86, 737, 0, 0, 3113734
g4, 100, 25, 100, 500, dense_landmarks, random_enemymap, 13, 1702, 0, 26, 2309, 0, 15, 1201, 0, 20, 2170, 0, 54, -188618
g4, 100, 25, 100, 1250, dense_landmarks, random_enemymap, 93, 8933, 0, 100, 9870, 0, 100, 9785, 0, 100, 9784, 0, 0, 431372
g4, 100, 25, 100, 2000, dense_landmarks, random_enemymap, 100, 9900, 0, 100, 9900, 0, 100, 9900, 0, 100, 9900, 0, 0, 439600
g4, 100, 25, 1000, 500, dense_landmarks, random_enemymap, 134, 1229, 0, 158, 1264, 0, 126, 1090, 0, 135, 1299, 0, 546, -2172118
g4, 100, 25, 1000, 1250, dense_landmarks, random_enemymap, 958, 8498, 0, 976, 8722, 0, 962, 8532, 0, 960, 8509, 0, 9, 3845261
g4, 100, 25, 1000, 2000, dense_landmarks, random_enemymap, 1000, 9000, 0, 1000, 9000, 0, 1000, 9000, 0, 1000, 9000, 0, 0, 4036000
g4, 100, 25, 100, 500, dense_landmarks, Quadmap, 37, 1574, 0, 17, 2177, 0, 8, 1208, 0, 16, 2168, 0, 55, -189873
g4, 100, 25, 100, 1250, dense_landmarks, Quadmap, 100, 9835, 0, 99, 9879, 0, 99, 9819, 0, 99, 9819, 0, 0, 436352
g4, 100, 25, 100, 2000, dense_landmarks, Quadmap, 100, 9900, 0, 100, 9900, 0, 100, 9900, 0, 100, 9900, 0, 0, 439600
g4, 100, 25, 1000, 500, dense_landmarks, Quadmap, 317, 1068, 0, 81, 1707, 0, 87, 1129, 0, 87, 1597, 0, 572, -2282499
g4, 100, 25, 1000, 1250, dense_landmarks, Quadmap, 873, 8577, 0, 761, 8619, 0, 216, 7104, 0, 756, 8398, 0, 120, 2038698
g4, 100, 25, 1000, 2000, dense_landmarks, Quadmap, 1000, 9000, 0, 1000, 9000, 0, 1000, 9000, 0, 1000, 9000, 0, 0, 4036000
g4, 100, 25, 100, 500, dense_landmarks, Structures, 26, 1461, 0, 39, 2188, 0, 18, 1198, 0, 31, 2159, 0, 39, -73994
g4, 100, 25, 100, 1250, dense_landmarks, Structures, 95, 8858, 0, 100, 9897, 0, 100, 9825, 0, 100, 9822, 0, 0, 433402
g4, 100, 25, 100, 2000, dense_landmarks, Structures, 100, 9900, 0, 100, 9900, 0, 100, 9900, 0, 100, 9900, 0, 0, 439600
g4, 100, 25, 1000, 500, dense_landmarks, Structures, 126, 1329, 0, 142, 1459, 0, 184, 1170, 0, 194, 1609, 0, 552, -2108433
g4, 100, 25, 1000, 1250, dense_landmarks, Structures, 923, 8472, 0, 931, 8527, 0, 964, 8526, 0, 934, 8493, 0, 5, 3761018
g4, 100, 25, 1000, 2000, dense_landmarks, Structures, 1000, 9000, 0, 1000, 9000, 0, 1000, 9000, 0, 1000, 9000, 0, 0, 4036000
g4, 100, 25, 100, 500, dense_landmarks, Diagonal, 1, 1510, 0, 7, 1546, 0, 1, 1215, 0, 5, 1797, 0, 89, -424932
g4, 100, 25, 100, 1250, dense_landmarks, Diagonal, 100, 9622, 0, 99, 9615, 0, 99, 9721, 0, 96, 9056, 0, 0, 432014
g4, 100, 25, 100, 2000, dense_landmarks, Diagonal, 98, 9321, 0, 3, 564, 0, 100, 9897, 0, 0, 96, 0, 0, 220878
g4, 100, 25, 1000, 500, dense_landmarks, Diagonal, 136, 1285, 0, 187, 1243, 0, 108, 1121, 0, 133, 1155, 0, 527, -2066196
g4, 100, 25, 1000, 1250, dense_landmarks, Diagonal, 878, 7812, 0, 924, 8001, 0, 869, 7769, 0, 901, 7957, 0, 27, 3468539
g4, 100, 25, 1000, 2000, dense_landmarks, Diagonal, 876, 7595, 0, 57, 548, 0, 1000, 8997, 0, 1000, 9000, 0, 0, 2959140
g4, 100, 100, 100, 500, sparse_landmarks, random_enemymap, 50, 5537, 0, 51, 5810, 0, 35, 3218, 0, 62, 6095, 0, 16, 138660
g4, 100, 100, 100, 1250, sparse_landmarks, random_enemymap, 100, 9900, 0, 100, 9900, 0, 100, 9900, 0, 100, 9900, 0, 0, 439600
g4, 100, 100, 100, 2000, sparse_landmarks, random_enemymap, 100, 9900, 0, 100, 9900, 0, 100, 9900, 0, 100, 9900, 0, 0, 439600
g4, 100, 100, 1000, 500, sparse_landmarks, random_enemymap, 404, 3657, 0, 375, 3363, 0, 343, 2984, 0, 455, 3879, 0, 140, 890883
g4, 100, 100, 1000, 1250, sparse_landmarks, random_enemymap, 1000, 9000, 0, 999, 8996, 0, 1000, 9000, 0, 1000, 9000, 0, 0, 4034996
g4, 100, 100, 1000, 2000, sparse_landmarks, random_enemymap, 1000, 9000, 0, 1000, 9000, 0, 1000, 9000, 0, 1000, 9000, 0, 0, 4036000
g4, 100, 100, 100, 500, sparse_landmarks, Quadmap, 85, 5676, 0, 58, 5820, 0, 8, 3426, 0, 59, 6307, 0, 13, 166229
g4, 100, 100, 100, 1250, sparse_landmarks, Quadmap, 100, 9900, 0, 100, 9900, 0, 100, 9900, 0, 100, 9900, 0, 0, 439600
g4, 100, 100, 100, 2000, sparse_landmarks, Quadmap, 100, 9900, 0, 100, 9900, 0, 100, 9900, 0, 100, 9900, 0, 0, 439600
g4, 100, 100, 1000, 500, sparse_landmarks, Quadmap, 725, 3227, 0, 277, 4565, 0, 87, 3347, 0, 414, 5232, 0, 143, 804371
g4, 100, 100, 1000, 1250, sparse_landmarks, Quadmap, 1000, 8991, 0, 998, 8996, 0, 998, 8996, 0, 998, 8996, 0, 0, 4029979
g4, 100, 100, 1000, 2000, sparse_landmarks, Quadmap, 1000, 9000, 0, 1000, 9000, 0, 1000, 9000, 0, 1000, 9000, 0, 0, 4036000
g4, 100, 100, 100, 500, sparse_landmarks, Structures, 78, 5304, 0, 79, 5491, 0, 24, 3299, 0, 68, 6303, 0, 5, 244397
g4, 100, 100, 100, 1250, sparse_landmarks, Structures, 100, 9900, 0, 100, 9900, 0, 100, 9900, 0, 100, 9900, 0, 0, 439600
g4, 100, 100, 100, 2000, sparse_landmarks, Structures, 100, 9900, 0, 100, 9900, 0, 100, 9900, 0, 100, 9900, 0, 0, 439600
g4, 100, 100, 1000, 500, sparse_landmarks, Structures, 440, 3741, 0, 365, 3486, 0, 378, 2820, 0, 440, 3982, 0, 99, 1142029
g4, 100, 100, 1000, 1250, sparse_landmarks, Structures, 1000, 9000, 0, 1000, 9000, 0, 1000, 9000, 0, 1000, 9000, 0, 0, 4036000
g4, 100, 100, 1000, 2000, sparse_landmarks, Structures, 1000, 9000, 0, 1000, 9000, 0, 1000, 9000, 0, 1000, 9000, 0, 0, 4036000
g4, 100, 100, 100, 500, sparse_landmarks, Diagonal, 29, 3962, 0, 34, 5144, 0, 44, 3173, 0, 38, 5265, 0, 11, 107544
g4, 100, 100, 100, 1250, sparse_landmarks, Diagonal, 100, 9900, 0, 100, 9900, 0, 100, 9900, 0, 100, 9900, 0, 0, 439600
g4, 100, 100, 100, 2000, sparse_landmarks, Diagonal, 